pose_x [m], pose_y [m], pose_theta [rad], v [m/s], delta [rad], v_opt [m/s], delta_opt [rad], x_e, y_e, theta_e, x_ref, y_ref, theta_ref, v_ref [m/s], delta_ref [rad], v_k [m/s], delta_k [rad], v_k+1 [m/s], delta_k+1 [rad], v_k+2 [m/s], delta_k+2 [rad], v_k+3 [m/s], delta_k+3 [rad], v_k+4 [m/s], delta_k+4 [rad], v_k+5 [m/s], delta_k+5 [rad], v_k+6 [m/s], delta_k+6 [rad], v_k+7 [m/s], delta_k+7 [rad], v_k+8 [m/s], delta_k+8 [rad], v_k+9 [m/s], delta_k+9 [rad], v_k+10 [m/s], delta_k+10 [rad], v_k+11 [m/s], delta_k+11 [rad], v_k+12 [m/s], delta_k+12 [rad], v_k+13 [m/s], delta_k+13 [rad], v_k+14 [m/s], delta_k+14 [rad], v_k+15 [m/s], delta_k+15 [rad], v_k+16 [m/s], delta_k+16 [rad], v_k+17 [m/s], delta_k+17 [rad], v_k+18 [m/s], delta_k+18 [rad], v_k+19 [m/s], delta_k+19 [rad], v_k+20 [m/s], delta_k+20 [rad], v_k+21 [m/s], delta_k+21 [rad], v_k+22 [m/s], delta_k+22 [rad], v_k+23 [m/s], delta_k+23 [rad], v_k+24 [m/s], delta_k+24 [rad], v_k+25 [m/s], delta_k+25 [rad], v_k+26 [m/s], delta_k+26 [rad], v_k+27 [m/s], delta_k+27 [rad], v_k+28 [m/s], delta_k+28 [rad], v_k+29 [m/s], delta_k+29 [rad], v_k+30 [m/s], delta_k+30 [rad], v_k+31 [m/s], delta_k+31 [rad], v_k+32 [m/s], delta_k+32 [rad], v_k+33 [m/s], delta_k+33 [rad], v_k+34 [m/s], delta_k+34 [rad], v_k+35 [m/s], delta_k+35 [rad], v_k+36 [m/s], delta_k+36 [rad], v_k+37 [m/s], delta_k+37 [rad], v_k+38 [m/s], delta_k+38 [rad], v_k+39 [m/s], delta_k+39 [rad]
-0.399882, 4.6067e-05, -0.000129048, 0.706247, -2.22221e-11, 0.706247, -2.22221e-11, -0.399882, 4.6067e-05, -0.000129048, 0, 0, 0, 1e-10, 0, 0.706247, -2.22221e-11, 0.693067, 3.50151e-06, 0.62707, 1.3377e-05, 0.567356, 2.87041e-05, 0.513316, 4.86011e-05, 0.464411, 7.22398e-05, 0.42015, 9.88571e-05, 0.380089, 0.000127766, 0.34383, 0.000158372, 0.311008, 0.000189797, 0.281297, 0.000215362, 0.254398, 0.000233518, 0.230044, 0.000245151, 0.207989, 0.000251068, 0.188015, 0.000252004, 0.169921, 0.000248618, 0.153526, 0.000241499, 0.138666, 0.000231172, 0.125193, 0.000218588, 0.112972, 0.000206161, 0.101881, 0.000194141, 0.091808, 0.0001825, 0.0826534, 0.000171211, 0.0743254, 0.000160246, 0.0667406, 0.000149581, 0.0598232, 0.00013919, 0.053504, 0.000129048, 0.0477199, 0.00011913, 0.042413, 0.000109413, 0.0375302, 9.98731e-05, 0.0330226, 9.04865e-05, 0.0288454, 8.12303e-05, 0.0249565, 7.20813e-05, 0.0213173, 6.30166e-05, 0.0178912, 5.40133e-05, 0.014644, 4.50487e-05, 0.0115432, 3.60998e-05, 0.00855791, 2.71437e-05, 0.00565817, 1.81573e-05, 0.002815, 9.11724e-06
-0.399882, 4.6067e-05, -0.000129048, 0.00184413, 3.50005e-06, -0.000131597, 3.50005e-06, 6.92148e-05, 4.65543e-05, -0.000129191, -0.399951, -4.873e-07, 1.42927e-07, 0.00197572, 0, -0.000131597, 3.50005e-06, -0.00011907, 1.33708e-05, -0.000107733, 2.86896e-05, -9.74744e-05, 4.85759e-05, -8.81902e-05, 7.22039e-05, -7.97878e-05, 9.88151e-05, -7.21834e-05, 0.00012773, -6.53008e-05, 0.000158363, -5.90712e-05, 0.000189847, -5.34323e-05, 0.000215513, -4.83277e-05, 0.00023381, -4.37065e-05, 0.00024562, -3.95222e-05, 0.000251745, -3.57333e-05, 0.000252911, -3.23016e-05, 0.000249769, -2.91929e-05, 0.000242896, -2.63762e-05, 0.000232808, -2.38233e-05, 0.000220449, -2.15086e-05, 0.000208248, -1.94089e-05, 0.000196455, -1.75034e-05, 0.000185045, -1.57729e-05, 0.000173991, -1.42001e-05, 0.000163267, -1.27693e-05, 0.000152848, -1.14662e-05, 0.000142709, -1.02778e-05, 0.000132827, -9.19212e-06, 0.000123178, -8.19839e-06, 0.000113739, -7.28665e-06, 0.000104487, -6.44777e-06, 9.53996e-05, -5.67337e-06, 8.64542e-05, -4.9557e-06, 7.7629e-05, -4.28759e-06, 6.8902e-05, -3.66235e-06, 6.02514e-05, -3.07374e-06, 5.16554e-05, -2.51587e-06, 4.30922e-05, -1.98315e-06, 3.454e-05, -1.47027e-06, 2.59769e-05, -9.72085e-07, 1.73807e-05, -4.83624e-07, 8.72931e-06
-0.399882, 4.6067e-05, -0.000129048, 0.00820958, 1.33787e-05, 0.000306688, 1.33787e-05, -0.000161306, 4.65542e-05, -0.000129191, -0.399721, -4.87267e-07, 1.42927e-07, 0.0079029, 0, 0.000306688, 1.33787e-05, 0.000277494, 2.87082e-05, 0.000251074, 4.86104e-05, 0.000227166, 7.22616e-05, 0.000205529, 9.89059e-05, 0.000185947, 0.000127868, 0.000168225, 0.000158567, 0.000152185, 0.000190144, 0.000137666, 0.000215924, 0.000124525, 0.000234352, 0.000112629, 0.000246311, 0.000101859, 0.000252599, 9.21073e-05, 0.000253937, 8.3277e-05, 0.000250972, 7.52794e-05, 0.000244278, 6.80347e-05, 0.00023436, 6.14703e-05, 0.000222162, 5.55206e-05, 0.000210126, 5.01261e-05, 0.000198505, 4.52328e-05, 0.000187273, 4.07919e-05, 0.000176404, 3.67589e-05, 0.000165874, 3.30935e-05, 0.000155657, 2.97591e-05, 0.000145731, 2.67222e-05, 0.000136071, 2.39525e-05, 0.000126655, 2.14224e-05, 0.00011746, 1.91065e-05, 0.000108464, 1.69817e-05, 9.96456e-05, 1.50266e-05, 9.09834e-05, 1.32219e-05, 8.2456e-05, 1.15493e-05, 7.40424e-05, 9.99229e-06, 6.57217e-05, 8.53517e-06, 5.7473e-05, 7.1634e-06, 4.92757e-05, 5.86327e-06, 4.11089e-05, 4.62177e-06, 3.29518e-05, 3.42648e-06, 2.47836e-05, 2.26546e-06, 1.6583e-05, 1.12709e-06, 8.32905e-06
-0.399882, 3.91149e-05, -0.000110928, 0.0192777, 2.47809e-05, 0.00149619, 2.47809e-05, -0.00078694, 3.9602e-05, -0.000111071, -0.399095, -4.87177e-07, 1.42927e-07, 0.0177815, 0, 0.00149619, 2.47809e-05, 0.00135377, 4.19685e-05, 0.00122488, 6.24002e-05, 0.00110824, 8.54255e-05, 0.00100268, 0.000110463, 0.000907151, 0.000137013, 0.000820692, 0.000164335, 0.00074244, 0.000186661, 0.000671612, 0.000202645, 0.000607501, 0.000213049, 0.000549464, 0.000218561, 0.000496922, 0.000219805, 0.00044935, 0.000217337, 0.000406271, 0.000211651, 0.000367254, 0.000203184, 0.00033191, 0.000192747, 0.000299886, 0.000182458, 0.00027086, 0.000172537, 0.000244542, 0.000162961, 0.000220671, 0.000153708, 0.000199005, 0.000144757, 0.00017933, 0.000136087, 0.000161448, 0.000127678, 0.000145181, 0.00011951, 0.000130365, 0.000111564, 0.000116854, 0.000103821, 0.00010451, 9.62635e-05, 9.3212e-05, 8.88721e-05, 8.28458e-05, 8.16292e-05, 7.33082e-05, 7.45172e-05, 6.45036e-05, 6.75187e-05, 5.6344e-05, 6.06164e-05, 4.87479e-05, 5.37931e-05, 4.16393e-05, 4.70317e-05, 3.4947e-05, 4.03151e-05, 2.86042e-05, 3.36264e-05, 2.25475e-05, 2.69485e-05, 1.67163e-05, 2.02642e-05, 1.10522e-05, 1.35563e-05, 5.49859e-06, 6.80748e-06
-0.399372, -3.52447e-05, 5.8445e-05, 0.0344538, -1.60392e-05, 0.00284217, -1.60392e-05, -0.00149487, -3.47577e-05, 5.83021e-05, -0.397877, -4.87002e-07, 1.42927e-07, 0.0316116, 0, 0.00284217, -1.60392e-05, 0.00257162, -2.35508e-05, 0.00232678, -3.19011e-05, 0.00210521, -4.09335e-05, 0.0019047, -5.05769e-05, 0.00172323, -6.0726e-05, 0.00155899, -6.93861e-05, 0.00141034, -7.61097e-05, 0.0012758, -8.11561e-05, 0.00115401, -8.47078e-05, 0.00104376, -8.68892e-05, 0.000943955, -8.77812e-05, 0.000853586, -8.74351e-05, 0.000771753, -8.58841e-05, 0.000697637, -8.33482e-05, 0.000630498, -8.06977e-05, 0.000569664, -7.80338e-05, 0.000514526, -7.53546e-05, 0.000464534, -7.26576e-05, 0.000419186, -6.99402e-05, 0.000378031, -6.71994e-05, 0.000340656, -6.4432e-05, 0.000306688, -6.16343e-05, 0.000275786, -5.88026e-05, 0.000247643, -5.59324e-05, 0.000221975, -5.30195e-05, 0.000198528, -5.00588e-05, 0.000177066, -4.70451e-05, 0.000157374, -4.3973e-05, 0.000139256, -4.08365e-05, 0.000122531, -3.76293e-05, 0.000107031, -3.43448e-05, 9.26017e-05, -3.09759e-05, 7.90981e-05, -2.75152e-05, 6.63855e-05, -2.39549e-05, 5.43367e-05, -2.02865e-05, 4.28313e-05, -1.65013e-05, 3.17542e-05, -1.25901e-05, 2.09947e-05, -8.54304e-06, 1.04451e-05, -4.35004e-06
-0.397723, -1.25991e-05, -3.27269e-05, 0.0529196, 3.46488e-05, 0.00352648, 3.46488e-05, -0.00185479, -1.21124e-05, -3.28698e-05, -0.395868, -4.86714e-07, 1.42927e-07, 0.0493931, 0, 0.00352648, 3.46488e-05, 0.00319079, 4.80447e-05, 0.002887, 6.27122e-05, 0.00261209, 7.81768e-05, 0.00236329, 9.3733e-05, 0.00213813, 0.000105859, 0.00193435, 0.000113699, 0.00174991, 0.000117716, 0.00158297, 0.000118423, 0.00143186, 0.000116352, 0.00129507, 0.000112028, 0.00117123, 0.000105952, 0.0010591, 9.8589e-05, 0.000957568, 9.05361e-05, 0.000865607, 8.28591e-05, 0.000782303, 7.56519e-05, 0.000706821, 6.88913e-05, 0.000638408, 6.25553e-05, 0.000576379, 5.66234e-05, 0.000520114, 5.10762e-05, 0.00046905, 4.58955e-05, 0.000422676, 4.10642e-05, 0.000380529, 3.65664e-05, 0.000342187, 3.2387e-05, 0.000307267, 2.85122e-05, 0.00027542, 2.4929e-05, 0.000246327, 2.16253e-05, 0.000219698, 1.85901e-05, 0.000195265, 1.58131e-05, 0.000172785, 1.32849e-05, 0.000152033, 1.09969e-05, 0.000132801, 8.94148e-06, 0.000114897, 7.11152e-06, 9.81425e-05, 5.50086e-06, 8.23691e-05, 4.10405e-06, 6.74193e-05, 2.91637e-06, 5.31438e-05, 1.93383e-06, 3.93997e-05, 1.15315e-06, 2.60496e-05, 5.71754e-07, 1.296e-05, 1.87659e-07
-0.395537, -2.50501e-05, -5.5472e-06, 0.0761935, 3.06746e-05, 0.00506742, 3.06746e-05, -0.00266527, -2.45638e-05, -5.69013e-06, -0.392872, -4.86285e-07, 1.42927e-07, 0.0711261, 0, 0.00506742, 3.06746e-05, 0.00458504, 4.0347e-05, 0.00414851, 5.05063e-05, 0.00375347, 6.05534e-05, 0.00339596, 6.80951e-05, 0.00307241, 7.25293e-05, 0.00277958, 7.4169e-05, 0.00251455, 7.34017e-05, 0.00227467, 7.06575e-05, 0.00205753, 6.638e-05, 0.00186097, 6.10038e-05, 0.00168301, 5.49363e-05, 0.00152189, 4.86338e-05, 0.00137599, 4.27132e-05, 0.00124384, 3.7219e-05, 0.00112414, 3.21305e-05, 0.00101568, 2.74287e-05, 0.000917368, 2.30958e-05, 0.000828235, 1.91151e-05, 0.000747383, 1.54711e-05, 0.000674006, 1.21496e-05, 0.000607369, 9.13712e-06, 0.000546805, 6.42162e-06, 0.00049171, 3.99185e-06, 0.000441531, 1.83763e-06, 0.000395768, -5.03038e-08, 0.000353963, -1.68025e-06, 0.000315697, -3.05961e-06, 0.000280588, -4.1949e-06, 0.000248286, -5.09176e-06, 0.000218465, -5.75497e-06, 0.00019083, -6.18848e-06, 0.000165103, -6.39541e-06, 0.000141027, -6.37805e-06, 0.000118361, -6.13789e-06, 9.6879e-05, -5.67562e-06, 7.63656e-05, -4.9911e-06, 5.66159e-05, -4.08341e-06, 3.74323e-05, -2.95081e-06, 1.8623e-05, -1.59093e-06
-0.393999, 0.000619838, -0.00162822, 0.106905, 0.00156122, 0.0100942, 0.00156122, -0.00530914, 0.000620324, -0.00162837, -0.38869, -4.85685e-07, 1.42927e-07, 0.0968105, 0, 0.0100942, 0.00156122, 0.00913327, 0.0019365, 0.00826372, 0.00232427, 0.0074768, 0.0026437, 0.00676465, 0.00287599, 0.00612015, 0.00303174, 0.00553685, 0.00312033, 0.00500891, 0.00315002, 0.00453107, 0.00312799, 0.00409854, 0.00306052, 0.00370699, 0.00295304, 0.00335252, 0.00281656, 0.00303157, 0.00268165, 0.00274093, 0.00255159, 0.0024777, 0.00242609, 0.00223925, 0.00230489, 0.0020232, 0.00218773, 0.00182737, 0.00207437, 0.00164982, 0.00196455, 0.00148877, 0.00185804, 0.0013426, 0.0017546, 0.00120986, 0.00165401, 0.00108922, 0.00155604, 0.000979472, 0.00146047, 0.000879518, 0.00136709, 0.000788359, 0.00127568, 0.000705084, 0.00118603, 0.00062886, 0.00109793, 0.000558924, 0.00101118, 0.000494578, 0.000925568, 0.000435177, 0.000840889, 0.000380128, 0.000756939, 0.000328881, 0.000673513, 0.000280922, 0.000590407, 0.000235772, 0.000507412, 0.00019298, 0.000424323, 0.000152118, 0.000340928, 0.000112777, 0.000257015, 7.4564e-05, 0.000172369, 3.70965e-05, 8.67726e-05
-0.390764, 0.000613183, -0.00162679, 0.14097, 0.00194532, 0.0145238, 0.00194532, -0.00763898, 0.000613668, -0.00162694, -0.383125, -4.84887e-07, 1.42927e-07, 0.126446, 0, 0.0145238, 0.00194532, 0.0131413, 0.00233508, 0.0118901, 0.00265633, 0.0107579, 0.00289022, 0.00973323, 0.00304739, 0.0088059, 0.00313724, 0.00796662, 0.00316804, 0.00720701, 0.00314699, 0.00651947, 0.00308035, 0.00589713, 0.00297352, 0.00533376, 0.00283754, 0.00482372, 0.00270319, 0.00436193, 0.00257375, 0.00394375, 0.00244895, 0.00356501, 0.00232853, 0.00322192, 0.00221223, 0.00291105, 0.00209981, 0.00262929, 0.00199102, 0.00237382, 0.00188564, 0.00214209, 0.00178343, 0.00193178, 0.00168417, 0.00174079, 0.00158764, 0.00156721, 0.00149362, 0.0014093, 0.0014019, 0.00126548, 0.00131228, 0.00113432, 0.00122455, 0.0010145, 0.00113851, 0.000904827, 0.00105396, 0.000804201, 0.000970694, 0.000711617, 0.00088852, 0.000626149, 0.00080724, 0.000546942, 0.000726659, 0.000473205, 0.000646579, 0.000404201, 0.000566803, 0.000339238, 0.000487133, 0.000277667, 0.000407369, 0.000218873, 0.00032731, 0.000162268, 0.000246752, 0.000107285, 0.000165488, 5.33759e-05, 8.33096e-05
-0.387625, 0.000404077, -0.00120813, 0.181848, 0.00185238, 0.0221396, 0.00185238, -0.0116446, 0.000404561, -0.00120827, -0.375981, -4.83862e-07, 1.42927e-07, 0.159709, 0, 0.0221396, 0.00185238, 0.0200321, 0.00210616, 0.0181249, 0.00228921, 0.0163989, 0.00241001, 0.014837, 0.00247629, 0.0134234, 0.00249495, 0.012144, 0.00247218, 0.0109861, 0.00241341, 0.00993805, 0.00232338, 0.00898937, 0.00221115, 0.00813059, 0.00210085, 0.00735311, 0.00199501, 0.00664916, 0.0018934, 0.00601171, 0.00179579, 0.00543437, 0.00170197, 0.00491138, 0.00161171, 0.0044375, 0.00152481, 0.00400799, 0.00144107, 0.00361857, 0.00136031, 0.00326533, 0.00128233, 0.00294474, 0.00120696, 0.0026536, 0.00113401, 0.002389, 0.00106331, 0.00214829, 0.000994708, 0.00192906, 0.000928028, 0.00172912, 0.000863114, 0.00154647, 0.00079981, 0.00137929, 0.000737963, 0.00122589, 0.000677421, 0.00108476, 0.000618036, 0.000954478, 0.000559662, 0.000833739, 0.000502154, 0.000721337, 0.000445368, 0.000616148, 0.000389162, 0.000517121, 0.000333393, 0.000423265, 0.000277919, 0.000333642, 0.000222599, 0.000247355, 0.000167291, 0.000163542, 0.000111851, 8.13642e-05, 5.61361e-05
-0.384313, 0.000284431, -0.00106651, 0.223575, 0.00206731, 0.0325451, 0.00206731, -0.0171175, 0.000284914, -0.00106665, -0.367196, -4.82602e-07, 1.42927e-07, 0.19103, 0, 0.0325451, 0.00206731, 0.0294471, 0.00224344, 0.0266435, 0.00235639, 0.0241064, 0.00241407, 0.0218103, 0.00242382, 0.0197323, 0.00239235, 0.0178516, 0.00232569, 0.0161495, 0.0022292, 0.0146089, 0.00211221, 0.0132143, 0.00199798, 0.0119519, 0.00188892, 0.010809, 0.00178476, 0.00977423, 0.00168523, 0.00883718, 0.00159011, 0.0079885, 0.00149914, 0.0072197, 0.0014121, 0.0065231, 0.00132879, 0.00589173, 0.00124898, 0.00531927, 0.00117249, 0.00480001, 0.00109912, 0.00432875, 0.00102868, 0.00390078, 0.000960994, 0.00351182, 0.000895897, 0.00315797, 0.000833219, 0.0028357, 0.000772802, 0.00254179, 0.000714491, 0.0022733, 0.000658137, 0.00202754, 0.000603594, 0.00180206, 0.000550723, 0.0015946, 0.000499387, 0.00140308, 0.000449452, 0.00122559, 0.00040079, 0.00106036, 0.000353274, 0.000905735, 0.00030678, 0.000760166, 0.000261186, 0.000622198, 0.000216375, 0.000490452, 0.000172229, 0.000363611, 0.000128631, 0.000240406, 8.54695e-05, 0.000119605, 4.26297e-05
-0.380908, 0.000177695, -0.000958745, 0.263963, 0.002288, 0.0455627, 0.002288, -0.0239642, 0.000178176, -0.000958888, -0.356944, -4.81132e-07, 1.42927e-07, 0.2184, 0, 0.0455627, 0.002288, 0.0412255, 0.00239765, 0.0373005, 0.00244904, 0.0337486, 0.00245021, 0.0305341, 0.00240867, 0.0276249, 0.00233131, 0.0249921, 0.00222431, 0.0226091, 0.00209767, 0.0204522, 0.00197474, 0.0184999, 0.00185785, 0.0167325, 0.0017467, 0.0151325, 0.001641, 0.0136838, 0.00154046, 0.0123719, 0.00144482, 0.0111838, 0.00135382, 0.0101075, 0.00126721, 0.00913224, 0.00118477, 0.00824834, 0.00110626, 0.00744691, 0.00103149, 0.00671995, 0.000960243, 0.00606019, 0.000892328, 0.00546104, 0.000827561, 0.00491649, 0.000765765, 0.00442111, 0.000706772, 0.00396994, 0.000650421, 0.00355847, 0.000596557, 0.00318259, 0.000545033, 0.00283853, 0.000495707, 0.00252286, 0.000448446, 0.00223241, 0.000403118, 0.00196429, 0.000359601, 0.00171581, 0.000317775, 0.00148449, 0.000277526, 0.00126802, 0.000238745, 0.00106422, 0.000201326, 0.000871068, 0.000165168, 0.000686626, 0.000130173, 0.00050905, 9.62478e-05, 0.000336565, 6.33017e-05, 0.000167445, 3.12469e-05
-0.377163, 7.74264e-05, -0.000878159, 0.302168, 0.00254018, 0.0603492, 0.00254018, -0.0317414, 7.79058e-05, -0.000878302, -0.345422, -4.7948e-07, 1.42927e-07, 0.241819, 0, 0.0603492, 0.00254018, 0.0546045, 0.00258728, 0.0494057, 0.00257969, 0.044701, 0.00252606, 0.0404434, 0.00243443, 0.0365901, 0.00231209, 0.0331028, 0.00217016, 0.0299465, 0.00203302, 0.0270896, 0.00190308, 0.0245037, 0.00177997, 0.0221627, 0.00166333, 0.0200435, 0.00155284, 0.0181246, 0.00144818, 0.016387, 0.00134906, 0.0148133, 0.00125519, 0.0133877, 0.00116629, 0.0120959, 0.00108212, 0.0109252, 0.00100243, 0.00986367, 0.000926994, 0.00890079, 0.000855584, 0.00802692, 0.000787997, 0.00723332, 0.000724036, 0.00651205, 0.000663512, 0.0058559, 0.00060625, 0.00525832, 0.000552082, 0.00471331, 0.000500848, 0.00421544, 0.000452398, 0.00375972, 0.000406591, 0.0033416, 0.000363293, 0.0029569, 0.000322376, 0.00260176, 0.000283722, 0.00227265, 0.000247217, 0.00196626, 0.000212758, 0.00167953, 0.000180243, 0.00140959, 0.00014958, 0.00115376, 0.000120681, 0.000909458, 9.34663e-05, 0.000674253, 6.78586e-05, 0.000445791, 4.37877e-05, 0.000221787, 2.11875e-05
-0.372679, 4.36102e-08, -0.000784699, 0.337055, 0.00264828, 0.0757692, 0.00264828, -0.0398517, 5.21284e-07, -0.000784842, -0.332828, -4.77674e-07, 1.42927e-07, 0.261286, 0, 0.0757692, 0.00264828, 0.0685566, 0.00263439, 0.0620295, 0.00257271, 0.0561227, 0.002472, 0.0507771, 0.00234028, 0.0459393, 0.0021893, 0.0415609, 0.00204385, 0.0375981, 0.00190631, 0.0340113, 0.00177629, 0.0307646, 0.00165339, 0.0278256, 0.00153727, 0.0251648, 0.00142757, 0.0227557, 0.00132396, 0.0205741, 0.00122614, 0.0185982, 0.00113382, 0.0168084, 0.00104671, 0.0151866, 0.000964546, 0.0137167, 0.00088709, 0.0123839, 0.0008141, 0.011175, 0.000745354, 0.0100779, 0.000680642, 0.00908151, 0.000619764, 0.00817595, 0.000562533, 0.00735215, 0.000508774, 0.00660188, 0.00045832, 0.00591762, 0.000411014, 0.00529253, 0.000366711, 0.00472037, 0.000325274, 0.00419542, 0.000286574, 0.00371242, 0.000250492, 0.00326654, 0.000216917, 0.00285333, 0.000185745, 0.00246866, 0.000156881, 0.00210867, 0.000130237, 0.00176976, 0.000105732, 0.00144856, 8.32941e-05, 0.00114184, 6.28552e-05, 0.000846533, 4.43563e-05, 0.000559696, 2.77441e-05, 0.000278456, 1.29711e-05
-0.367097, -5.5446e-05, -0.000717942, 0.367565, 0.0027368, 0.0907635, 0.0027368, -0.0477381, -5.49702e-05, -0.000718085, -0.319359, -4.75742e-07, 1.42927e-07, 0.276802, 0, 0.0907635, 0.0027368, 0.0821235, 0.00266815, 0.0743048, 0.00255881, 0.0672291, 0.00241745, 0.0608256, 0.00225659, 0.0550305, 0.00210189, 0.0497856, 0.00195579, 0.0450386, 0.00181785, 0.040742, 0.00168766, 0.0368528, 0.00156482, 0.0333321, 0.00144896, 0.0301448, 0.00133973, 0.0272589, 0.00123679, 0.0246456, 0.00113981, 0.0222787, 0.00104851, 0.0201347, 0.000962593, 0.0181919, 0.000881794, 0.0164311, 0.00080586, 0.0148347, 0.00073455, 0.0133865, 0.00066764, 0.0120722, 0.000604916, 0.0108787, 0.000546179, 0.00979393, 0.000491241, 0.00880711, 0.000439926, 0.00790835, 0.000392069, 0.00708868, 0.000347516, 0.0063399, 0.000306123, 0.00565451, 0.000267756, 0.00502567, 0.000232292, 0.00444709, 0.000199616, 0.00391298, 0.000169622, 0.00341799, 0.000142213, 0.00295719, 0.000117302, 0.00252596, 9.48079e-05, 0.00211999, 7.46597e-05, 0.00173522, 5.67934e-05, 0.0013678, 4.11533e-05, 0.00101406, 2.76908e-05, 0.000670456, 1.63655e-05, 0.00033356, 7.14268e-06
-0.360192, -5.1801e-05, -0.000724618, 0.392896, 0.00283988, 0.10453, 0.00283988, -0.0549787, -5.13273e-05, -0.000724761, -0.305213, -4.73714e-07, 1.42927e-07, 0.288366, 0, 0.10453, 0.00283988, 0.0945795, 0.0027259, 0.0855749, 0.00257778, 0.077426, 0.0024087, 0.0700513, 0.002246, 0.0633771, 0.0020923, 0.0573368, 0.00194714, 0.0518698, 0.00181008, 0.0469215, 0.00168071, 0.0424424, 0.00155864, 0.0383877, 0.00144349, 0.034717, 0.00133492, 0.0313933, 0.00123259, 0.0283837, 0.00113619, 0.0256578, 0.00104541, 0.0231886, 0.000959984, 0.0209512, 0.000879634, 0.0189233, 0.000804112, 0.0170847, 0.000733179, 0.0154169, 0.000666611, 0.0139033, 0.000604198, 0.0125287, 0.000545741, 0.0112794, 0.000491053, 0.0101429, 0.000439959, 0.00910784, 0.000392296, 0.00816385, 0.000347909, 0.00730149, 0.000306657, 0.00651215, 0.000268406, 0.00578794, 0.000233032, 0.0051216, 0.000200422, 0.00450647, 0.000170471, 0.00393641, 0.000143081, 0.00340572, 0.000118166, 0.00290908, 9.56448e-05, 0.00244154, 7.54466e-05, 0.0019984, 5.75074e-05, 0.00157526, 4.17713e-05, 0.00116786, 2.81898e-05, 0.000772147, 1.6722e-05, 0.000384153, 7.33302e-06
-0.351947, -6.71631e-05, -0.000681225, 0.412639, 0.00279943, 0.11666, 0.00279943, -0.0613585, -6.66915e-05, -0.000681368, -0.290588, -4.71617e-07, 1.42927e-07, 0.295979, 0, 0.11666, 0.00279943, 0.105555, 0.00264718, 0.095505, 0.00247343, 0.0864105, 0.00230627, 0.07818, 0.00214838, 0.0707314, 0.00199928, 0.0639901, 0.00185853, 0.0578887, 0.0017257, 0.0523662, 0.00160039, 0.0473674, 0.00148221, 0.0428422, 0.0013708, 0.0387455, 0.00126582, 0.0350362, 0.00116694, 0.0316773, 0.00107385, 0.0286352, 0.000986271, 0.0258794, 0.000903918, 0.0233824, 0.000826533, 0.0211192, 0.000753871, 0.0190672, 0.000685702, 0.0172059, 0.000621806, 0.0155166, 0.00056198, 0.0139825, 0.00050603, 0.0125883, 0.000453775, 0.0113199, 0.000405047, 0.0101647, 0.000359687, 0.00911118, 0.000317547, 0.00814876, 0.00027849, 0.00726782, 0.000242387, 0.00645957, 0.000209121, 0.00571591, 0.000178583, 0.0050294, 0.000150671, 0.0043932, 0.000125296, 0.00380092, 0.000102374, 0.00324665, 8.18308e-05, 0.00272485, 6.3599e-05, 0.0022303, 4.76202e-05, 0.00175805, 3.38434e-05, 0.00130338, 2.22252e-05, 0.000861747, 1.27297e-05, 0.00042873, 5.32722e-06
-0.342303, -6.42223e-05, -0.000681225, 0.426307, 0.00281807, 0.126666, 0.00281807, -0.0666215, -6.37528e-05, -0.000681368, -0.275681, -4.69479e-07, 1.42927e-07, 0.29964, 0, 0.126666, 0.00281807, 0.114609, 0.00263561, 0.103697, 0.00245996, 0.0938223, 0.002294, 0.084886, 0.00213724, 0.0767984, 0.00198919, 0.0694789, 0.00184943, 0.0628542, 0.00171752, 0.056858, 0.00159306, 0.0514304, 0.00147569, 0.0465171, 0.00136503, 0.0420689, 0.00126074, 0.0380415, 0.00116251, 0.0343944, 0.00107003, 0.0310914, 0.000983, 0.0280992, 0.00090116, 0.025388, 0.000824248, 0.0229307, 0.000752021, 0.0207027, 0.000684248, 0.0186817, 0.000620713, 0.0168476, 0.000561214, 0.0151819, 0.000505559, 0.013668, 0.000453568, 0.0122909, 0.000405073, 0.0110366, 0.000359917, 0.0098927, 0.000317953, 0.00884772, 0.000279044, 0.00789122, 0.000243063, 0.00701364, 0.000209893, 0.00620619, 0.000179425, 0.0054608, 0.000151559, 0.00477002, 0.000126204, 0.00412694, 0.000103279, 0.00352513, 8.2707e-05, 0.00295858, 6.44232e-05, 0.0024216, 4.83682e-05, 0.00190885, 3.44911e-05, 0.00141518, 2.27483e-05, 0.000935664, 1.31035e-05, 0.000465504, 5.52682e-06
-0.331212, -7.31754e-05, -0.000648801, 0.434094, 0.0027333, 0.134094, 0.0027333, -0.0705283, -7.2708e-05, -0.000648943, -0.260684, -4.67328e-07, 1.42927e-07, 0.3, 0, 0.134094, 0.0027333, 0.121329, 0.0025519, 0.109778, 0.00238049, 0.0993242, 0.00221857, 0.0898638, 0.00206566, 0.081302, 0.0019213, 0.0735532, 0.00178505, 0.06654, 0.00165649, 0.0601922, 0.00153525, 0.0544463, 0.00142093, 0.0492449, 0.0013132, 0.0445359, 0.00121171, 0.0402723, 0.00111616, 0.0364114, 0.00102623, 0.0329146, 0.000941661, 0.029747, 0.00086217, 0.0268768, 0.00078751, 0.0242754, 0.000717442, 0.0219167, 0.000651742, 0.0197773, 0.000590199, 0.0178355, 0.000532615, 0.0160722, 0.000478803, 0.0144696, 0.000428588, 0.0130116, 0.000381807, 0.0116838, 0.000338305, 0.0104728, 0.000297942, 0.00936656, 0.000260583, 0.00835398, 0.000226105, 0.00742493, 0.000194396, 0.00657013, 0.00016535, 0.00578103, 0.000138871, 0.00504974, 0.000114872, 0.00436895, 9.32734e-05, 0.00373185, 7.40043e-05, 0.00313207, 5.70015e-05, 0.00256361, 4.22096e-05, 0.00202079, 2.95808e-05, 0.00149817, 1.90748e-05, 0.000990533, 1.06585e-05, 0.000492802, 4.30525e-06
-0.318656, -8.54082e-05, -0.00060064, 0.438741, 0.00259887, 0.138741, 0.00259887, -0.0729726, -8.4943e-05, -0.000600783, -0.245684, -4.65177e-07, 1.42927e-07, 0.3, 0, 0.138741, 0.00259887, 0.125534, 0.00242441, 0.113582, 0.00225963, 0.102767, 0.00210402, 0.0929782, 0.00195713, 0.0841197, 0.00181851, 0.0761024, 0.00168773, 0.0688461, 0.0015644, 0.0622783, 0.00144813, 0.0563333, 0.00133856, 0.0509516, 0.00123536, 0.0460794, 0.00113821, 0.041668, 0.00104679, 0.0376733, 0.000960812, 0.0340553, 0.000880014, 0.0307779, 0.000804133, 0.0278083, 0.000732927, 0.0251167, 0.000666166, 0.0226763, 0.000603634, 0.0204627, 0.000545128, 0.0184537, 0.000490457, 0.0166292, 0.000439442, 0.014971, 0.000391916, 0.0134626, 0.000347721, 0.0120887, 0.000306711, 0.0108358, 0.00026875, 0.00969119, 0.000233711, 0.0086435, 0.000201477, 0.00768226, 0.00017194, 0.00679783, 0.000145, 0.00598139, 0.000120569, 0.00522475, 9.85625e-05, 0.00452037, 7.89075e-05, 0.00386119, 6.15379e-05, 0.00324062, 4.63954e-05, 0.00265246, 3.34294e-05, 0.00209082, 2.25971e-05, 0.00155009, 1.38626e-05, 0.00102486, 7.19784e-06, 0.000509881, 2.58042e-06
-0.304535, -8.57264e-05, -0.00057203, 0.440411, 0.00249204, 0.140411, 0.00249204, -0.0738508, -8.52633e-05, -0.000572173, -0.230684, -4.63026e-07, 1.42927e-07, 0.3, 0, 0.140411, 0.00249204, 0.127045, 0.00232428, 0.114949, 0.00216584, 0.104003, 0.00201623, 0.0940972, 0.00187502, 0.085132, 0.00174176, 0.0770182, 0.00161606, 0.0696746, 0.00149753, 0.0630278, 0.00138581, 0.0570112, 0.00128054, 0.0515647, 0.00118139, 0.0466339, 0.00108807, 0.0421695, 0.00100027, 0.0381267, 0.000917716, 0.0344652, 0.000840146, 0.0311483, 0.000767312, 0.0281429, 0.00069898, 0.025419, 0.000634929, 0.0229492, 0.000574952, 0.0207089, 0.000518853, 0.0186758, 0.000466449, 0.0168293, 0.000417568, 0.0151512, 0.000372048, 0.0136246, 0.000329738, 0.0122342, 0.000290499, 0.0109662, 0.000254199, 0.00980781, 0.000220716, 0.00874752, 0.000189939, 0.00777471, 0.000161764, 0.00687964, 0.000136095, 0.00605337, 0.000112847, 0.00528763, 9.19415e-05, 0.00457477, 7.33069e-05, 0.00390766, 5.68806e-05, 0.00327962, 4.26074e-05, 0.00268438, 3.04392e-05, 0.00211598, 2.03354e-05, 0.00156874, 1.22625e-05, 0.0010372, 6.19411e-06, 0.000516017, 2.10961e-06
-0.288959, -8.51786e-05, -0.000533883, 0.439316, 0.00234584, 0.139316, 0.00234584, -0.0732748, -8.47178e-05, -0.000534026, -0.215684, -4.60875e-07, 1.42927e-07, 0.3, 0, 0.139316, 0.00234584, 0.126054, 0.00218736, 0.114053, 0.0020377, 0.103192, 0.00189641, 0.0933632, 0.00176306, 0.084468, 0.00163724, 0.0764175, 0.00151857, 0.0691312, 0.00140668, 0.0625362, 0.00130123, 0.0565665, 0.00120189, 0.0511626, 0.00110835, 0.0462702, 0.00102031, 0.0418405, 0.000937505, 0.0378293, 0.000859661, 0.0341963, 0.000786534, 0.0309054, 0.000717889, 0.0279234, 0.000653504, 0.0252207, 0.000593172, 0.0227702, 0.000536696, 0.0205474, 0.000483891, 0.0185301, 0.000434584, 0.0166981, 0.000388613, 0.015033, 0.000345825, 0.0135183, 0.000306079, 0.0121388, 0.00026924, 0.0108806, 0.000235187, 0.00973131, 0.000203805, 0.00867929, 0.000174988, 0.00771407, 0.000148638, 0.00682598, 0.000124667, 0.00600615, 0.000102993, 0.00524639, 8.35429e-05, 0.00453909, 6.625e-05, 0.00387718, 5.10557e-05, 0.00325404, 3.79085e-05, 0.00266344, 2.67638e-05, 0.00209948, 1.7584e-05, 0.00155651, 1.03385e-05, 0.00102911, 5.00305e-06, 0.000511993, 1.55937e-06
-0.27186, -9.01163e-05, -0.000469033, 0.435327, 0.00212006, 0.135327, 0.00212006, -0.0711767, -8.96576e-05, -0.000469176, -0.200684, -4.58724e-07, 1.42927e-07, 0.3, 0, 0.135327, 0.00212006, 0.122445, 0.0019752, 0.110787, 0.00183845, 0.100237, 0.00170939, 0.09069, 0.00158763, 0.0820495, 0.00147279, 0.0742295, 0.00136453, 0.0671518, 0.00126249, 0.0607456, 0.00116638, 0.0549469, 0.00107588, 0.0496976, 0.000990704, 0.0449454, 0.000910593, 0.0406425, 0.000835286, 0.0367462, 0.000764543, 0.0332172, 0.000698136, 0.0300205, 0.000635849, 0.0271239, 0.000577481, 0.0244986, 0.00052284, 0.0221182, 0.000471746, 0.0199591, 0.000424032, 0.0179995, 0.000379538, 0.01622, 0.000338116, 0.0146026, 0.000299628, 0.0131313, 0.000263943, 0.0117912, 0.000230942, 0.0105691, 0.000200512, 0.00945268, 0.00017255, 0.00843078, 0.000146959, 0.00749319, 0.000123653, 0.00663054, 0.000102551, 0.00583418, 8.35801e-05, 0.00509617, 6.66746e-05, 0.00440912, 5.17758e-05, 0.00376616, 3.88321e-05, 0.00316087, 2.77983e-05, 0.00258718, 1.86359e-05, 0.00203936, 1.1313e-05, 0.00151194, 5.80399e-06, 0.00099964, 2.08974e-06, 0.000497333, 1.56251e-07
-0.224683, 0.0132148, -0.0343564, 0.374148, 0.0784895, 0.0741481, 0.0784895, -0.038999, 0.0132152, -0.0343566, -0.185684, -4.56573e-07, 1.42927e-07, 0.3, 0, 0.0741481, 0.0784895, 0.0670897, 0.0751883, 0.0607023, 0.0720141, 0.0549219, 0.0689611, 0.0496907, 0.0660235, 0.0449564, 0.063196, 0.0406717, 0.0604732, 0.0367937, 0.0578501, 0.0332836, 0.0553216, 0.0301064, 0.0528831, 0.0272302, 0.0505298, 0.0246264, 0.0482572, 0.0222688, 0.046061, 0.0201339, 0.0439367, 0.0182003, 0.0418803, 0.0164488, 0.0398877, 0.0148617, 0.0379549, 0.0134232, 0.0360779, 0.012119, 0.034253, 0.0109359, 0.0324764, 0.00986227, 0.0307443, 0.00888721, 0.0290532, 0.00800103, 0.0273995, 0.00719485, 0.0257795, 0.00646063, 0.0241898, 0.00579101, 0.0226269, 0.0051793, 0.0210872, 0.00461938, 0.0195673, 0.00410566, 0.0180638, 0.00363299, 0.016573, 0.00319666, 0.0150917, 0.00279229, 0.0136161, 0.00241584, 0.0121429, 0.00206355, 0.0106684, 0.0017319, 0.00918902, 0.00141756, 0.00770108, 0.00111741, 0.00620085, 0.000828421, 0.00468454, 0.000547721, 0.00314829, 0.000272498, 0.00158815
-0.205313, 0.0125592, -0.0342959, 0.365841, 0.0808048, 0.0658407, 0.0808048, -0.0346297, 0.0125596, -0.034296, -0.170684, -4.54422e-07, 1.42927e-07, 0.3, 0, 0.0658407, 0.0808048, 0.0595732, 0.0772759, 0.0539014, 0.0738887, 0.0487686, 0.0706366, 0.0441235, 0.067513, 0.0399196, 0.0645121, 0.0361149, 0.0616277, 0.0326714, 0.0588542, 0.0295546, 0.056186, 0.0267333, 0.0536179, 0.0241794, 0.0511446, 0.0218673, 0.0487611, 0.0197738, 0.0464626, 0.0178781, 0.0442444, 0.0161612, 0.042102, 0.0146059, 0.0400308, 0.0131966, 0.0380265, 0.0119193, 0.0360849, 0.0107612, 0.0342019, 0.00971071, 0.0323735, 0.00875732, 0.0305958, 0.00789151, 0.0288648, 0.00710461, 0.0271767, 0.00638876, 0.0255278, 0.00573679, 0.0239145, 0.00514219, 0.0223331, 0.00459902, 0.0207799, 0.00410183, 0.0192513, 0.00364567, 0.0177439, 0.00322596, 0.0162541, 0.00283851, 0.0147783, 0.00247944, 0.0133129, 0.00214517, 0.0118545, 0.00183235, 0.0103995, 0.00153786, 0.00894415, 0.00125874, 0.00748494, 0.000992213, 0.00601818, 0.000735606, 0.00454012, 0.000486355, 0.00304699, 0.000241968, 0.00153494
-0.185027, 0.011685, -0.0339354, 0.35579, 0.0828356, 0.0557898, 0.0828356, -0.0293433, 0.0116854, -0.0339355, -0.155684, -4.52271e-07, 1.42927e-07, 0.3, 0, 0.0557898, 0.0828356, 0.050479, 0.0790697, 0.0456731, 0.0754614, 0.0413238, 0.0720034, 0.0373878, 0.0686883, 0.0338257, 0.0655095, 0.0306018, 0.0624601, 0.027684, 0.0595338, 0.025043, 0.0567245, 0.0226524, 0.0540261, 0.0204883, 0.0514331, 0.0185292, 0.0489399, 0.0167553, 0.046541, 0.0151489, 0.0442315, 0.0136941, 0.0420062, 0.0123762, 0.0398604, 0.0111821, 0.0377893, 0.0100998, 0.0357885, 0.00911845, 0.0338534, 0.00822832, 0.0319798, 0.00742047, 0.0301634, 0.00668683, 0.0284002, 0.00602006, 0.0266862, 0.00541348, 0.0250174, 0.00486104, 0.02339, 0.00435721, 0.0218002, 0.00389696, 0.0202443, 0.00347567, 0.0187186, 0.00308914, 0.0172194, 0.0027335, 0.0157432, 0.0024052, 0.0142863, 0.00210095, 0.0128453, 0.0018177, 0.0114166, 0.00155264, 0.00999655, 0.0013031, 0.00858172, 0.00106659, 0.00716851, 0.000840747, 0.00575333, 0.000623313, 0.00433257, 0.000412111, 0.00290257, 0.00020503, 0.00145965
-0.153436, 0.00391533, -0.018494, 0.324246, 0.0546607, 0.0242455, 0.0546607, -0.0127522, 0.00391578, -0.0184941, -0.140684, -4.50119e-07, 1.42927e-07, 0.3, 0, 0.0242455, 0.0546607, 0.0219376, 0.0517024, 0.0198489, 0.048888, 0.0179588, 0.0462101, 0.0162483, 0.0436622, 0.0147002, 0.0412377, 0.0132992, 0.0389305, 0.0120311, 0.0367345, 0.0108834, 0.0346443, 0.00984444, 0.0326545, 0.00890397, 0.0307598, 0.00805254, 0.0289554, 0.00728163, 0.0272367, 0.00658354, 0.0255991, 0.00595129, 0.0240384, 0.00537855, 0.0225505, 0.00485959, 0.0211315, 0.00438923, 0.0197777, 0.00396277, 0.0184855, 0.00357593, 0.0172515, 0.00322484, 0.0160724, 0.00290601, 0.0149451, 0.00261624, 0.0138666, 0.00235263, 0.012834, 0.00211255, 0.0118446, 0.00189359, 0.0108957, 0.00169357, 0.00998474, 0.00151048, 0.00910935, 0.0013425, 0.00826715, 0.00118795, 0.00745588, 0.00104527, 0.00667336, 0.000913044, 0.0059175, 0.000789951, 0.00518626, 0.000674757, 0.00447769, 0.00056631, 0.00378989, 0.000463526, 0.00312102, 0.000365378, 0.00246931, 0.000270884, 0.00183301, 0.000179098, 0.00121045, 8.91036e-05, 0.000599979
-0.122792, 0.00726454, -0.0271228, 0.294503, 0.0742569, -0.00549736, 0.0742569, 0.0028914, 0.00726499, -0.0271229, -0.125684, -4.47968e-07, 1.42927e-07, 0.3, 0, -0.00549736, 0.0742569, -0.00497405, 0.0704806, -0.00450049, 0.0668794, -0.00407193, 0.0634445, -0.00368408, 0.0601679, -0.00333308, 0.0570418, -0.00301541, 0.0540586, -0.0027279, 0.0512112, -0.00246766, 0.0484929, -0.0022321, 0.0458969, -0.00201886, 0.0434171, -0.00182581, 0.0410474, -0.00165101, 0.0387822, -0.00149273, 0.0366157, -0.00134938, 0.0345428, -0.00121952, 0.0325584, -0.00110185, 0.0306575, -0.000995201, 0.0288355, -0.000898505, 0.0270879, -0.000810794, 0.0254103, -0.000731191, 0.0237985, -0.0006589, 0.0222485, -0.000593198, 0.0207564, -0.000533428, 0.0193185, -0.000478993, 0.0179311, -0.000429347, 0.0165906, -0.000383995, 0.0152938, -0.000342482, 0.0140372, -0.000304395, 0.0128177, -0.000269351, 0.0116321, -0.000237001, 0.0104774, -0.000207021, 0.00935057, -0.000179111, 0.00824874, -0.000152992, 0.00716904, -0.000128403, 0.00610866, -0.000105099, 0.00506484, -8.28447e-05, 0.00403487, -6.14194e-05, 0.00301605, -4.06082e-05, 0.00200572, -2.02031e-05, 0.00100125
-0.102169, 0.00581871, -0.0238851, 0.283811, 0.0676379, -0.0161889, 0.0676379, 0.00851474, 0.00581916, -0.0238852, -0.110684, -4.45817e-07, 1.42927e-07, 0.3, 0, -0.0161889, 0.0676379, -0.0146479, 0.0640987, -0.0132533, 0.0607273, -0.0119912, 0.0575153, -0.0108491, 0.054455, -0.00981543, 0.0515387, -0.00887994, 0.0487594, -0.00803325, 0.0461101, -0.00726689, 0.0435843, -0.0065732, 0.0411757, -0.00594524, 0.0388783, -0.00537673, 0.0366864, -0.00486199, 0.0345945, -0.00439587, 0.0325973, -0.00397371, 0.0306897, -0.00359129, 0.028867, -0.00324478, 0.0271246, -0.00293072, 0.025458, -0.00264596, 0.0238629, -0.00238767, 0.0223353, -0.00215325, 0.0208713, -0.00194036, 0.0194671, -0.00174688, 0.018119, -0.00157087, 0.0168237, -0.00141056, 0.0155777, -0.00126436, 0.0143778, -0.00113081, 0.0132209, -0.00100856, 0.012104, -0.000896397, 0.0110241, -0.000793199, 0.00997843, -0.000697933, 0.00896425, -0.000609646, 0.0079789, -0.000527455, 0.00701978, -0.000450539, 0.00608437, -0.000378129, 0.00517021, -0.0003095, 0.00427489, -0.000243965, 0.00339606, -0.000180871, 0.00253142, -0.000119585, 0.00167868, -5.9495e-05, 0.00083561
-0.0816974, 0.00437592, -0.0202096, 0.273408, 0.0593538, -0.026592, 0.0593538, 0.0139864, 0.00437636, -0.0202098, -0.0956838, -4.43666e-07, 1.42927e-07, 0.3, 0, -0.026592, 0.0593538, -0.0240606, 0.0561571, -0.0217699, 0.0531151, -0.0196968, 0.0502204, -0.0178208, 0.0474655, -0.0161229, 0.0448436, -0.0145862, 0.0423479, -0.0131954, 0.0399721, -0.0119366, 0.0377102, -0.0107972, 0.0355563, -0.00976568, 0.033505, -0.00883185, 0.0315509, -0.00798633, 0.0296891, -0.00722069, 0.0279146, -0.00652724, 0.0262229, -0.00589907, 0.0246097, -0.00532989, 0.0230706, -0.00481401, 0.0216016, -0.00434627, 0.020199, -0.003922, 0.0188589, -0.00353694, 0.0175779, -0.00318725, 0.0163527, -0.00286944, 0.0151798, -0.00258031, 0.0140563, -0.002317, 0.0129792, -0.00207685, 0.0119455, -0.00185747, 0.0109526, -0.00165666, 0.00999773, -0.00147243, 0.0090784, -0.00130291, 0.00819214, -0.00114643, 0.00733658, -0.00100141, 0.00650942, -0.000866401, 0.00570847, -0.000740058, 0.00493157, -0.000621116, 0.00417666, -0.000508386, 0.00344173, -0.000400739, 0.00272481, -0.000297099, 0.00202401, -0.000196431, 0.00133748, -9.77269e-05, 0.000663396
-0.0621306, 0.0030093, -0.0164827, 0.264725, 0.0505796, -0.0352747, 0.0505796, 0.0185531, 0.00300974, -0.0164828, -0.0806838, -4.41515e-07, 1.42927e-07, 0.3, 0, -0.0352747, 0.0505796, -0.0319168, 0.0477656, -0.0288781, 0.0450912, -0.0261281, 0.0425493, -0.0236395, 0.0401333, -0.0213872, 0.037837, -0.0193489, 0.0356543, -0.017504, 0.0335795, -0.0158341, 0.0316071, -0.0143226, 0.029732, -0.0129543, 0.0279491, -0.0117156, 0.0262537, -0.010594, 0.0246413, -0.00957835, 0.0231076, -0.00865849, 0.0216485, -0.00782521, 0.0202601, -0.00707018, 0.0189386, -0.00638586, 0.0176804, -0.0057654, 0.0164822, -0.00520259, 0.0153407, -0.0046918, 0.0142528, -0.00422794, 0.0132155, -0.00380635, 0.012226, -0.00342283, 0.0112816, -0.00307353, 0.0103797, -0.00275497, 0.00951788, -0.00246396, 0.00869368, -0.00219759, 0.0079049, -0.0019532, 0.00714936, -0.00172833, 0.006425, -0.00152075, 0.00572982, -0.00132838, 0.00506192, -0.00114929, 0.00441949, -0.000981698, 0.00380076, -0.00082392, 0.00320406, -0.000674381, 0.00262777, -0.000531586, 0.00207034, -0.000394107, 0.00153026, -0.000260569, 0.0010061, -0.000129636, 0.000496452
-0.043333, 0.00173723, -0.0127628, 0.257505, 0.0414654, -0.042495, 0.0414654, 0.0223507, 0.00173767, -0.012763, -0.0656838, -4.39364e-07, 1.42927e-07, 0.3, 0, -0.042495, 0.0414654, -0.0384498, 0.0390675, -0.0347891, 0.0367917, -0.0314763, 0.0346317, -0.0284783, 0.0325817, -0.025765, 0.0306363, -0.0233094, 0.0287902, -0.0210868, 0.0270383, -0.0190752, 0.0253759, -0.0172543, 0.0237984, -0.0156059, 0.0223014, -0.0141136, 0.020881, -0.0127625, 0.019533, -0.0115389, 0.0182539, -0.0104308, 0.0170399, -0.00942695, 0.0158879, -0.00851738, 0.0147944, -0.00769298, 0.0137565, -0.00694552, 0.0127713, -0.0062675, 0.0118359, -0.00565217, 0.0109478, -0.00509335, 0.0101044, -0.00458547, 0.00930329, -0.00412344, 0.00854225, -0.00370265, 0.00781911, -0.00331889, 0.00713181, -0.00296831, 0.00647839, -0.00264741, 0.00585701, -0.00235299, 0.0052659, -0.0020821, 0.00470337, -0.00183204, 0.00416784, -0.00160029, 0.00365779, -0.00138454, 0.0031718, -0.00118264, 0.00270849, -0.000992568, 0.00226658, -0.00081242, 0.00184483, -0.000640396, 0.00144209, -0.000474777, 0.00105725, -0.000313904, 0.000689269, -0.000156171, 0.000337157
-0.025189, 0.00064052, -0.009013, 0.251527, 0.0315573, -0.0484726, 0.0315573, 0.0254947, 0.000640957, -0.00901314, -0.0506838, -4.37213e-07, 1.42927e-07, 0.3, 0, -0.0484726, 0.0315573, -0.0438584, 0.0296474, -0.0396828, 0.0278375, -0.035904, 0.0261225, -0.0324842, 0.0244977, -0.0293892, 0.0229585, -0.0265882, 0.0215005, -0.024053, 0.0201196, -0.0217584, 0.018812, -0.0196814, 0.0175738, -0.0178012, 0.0164016, -0.0160989, 0.015292, -0.0145577, 0.0142417, -0.0131621, 0.0132478, -0.011898, 0.0123074, -0.010753, 0.0114177, -0.00971548, 0.0105761, -0.00877512, 0.00978023, -0.00792251, 0.00902766, -0.00714913, 0.00831622, -0.00644723, 0.00764379, -0.00580981, 0.0070084, -0.00523049, 0.00640816, -0.00470347, 0.00584129, -0.00422349, 0.00530611, -0.00378574, 0.00480102, -0.00338585, 0.00432453, -0.00301982, 0.00387522, -0.00268398, 0.00345176, -0.00237499, 0.00305289, -0.00208974, 0.00267744, -0.00182539, 0.00232429, -0.0015793, 0.00199241, -0.001349, 0.00168083, -0.00113219, 0.00138865, -0.0009267, 0.00111503, -0.000730478, 0.000859181, -0.000541561, 0.00062039, -0.00035806, 0.000397993, -0.000178139, 0.000191373
-0.00746743, -0.000523374, -0.00507051, 0.246353, 0.0211822, -0.0536471, 0.0211822, 0.0282163, -0.000522939, -0.00507065, -0.0356838, -4.35062e-07, 1.42927e-07, 0.3, 0, -0.0536471, 0.0211822, -0.0485404, 0.0197814, -0.043919, 0.0184577, -0.0397368, 0.0172071, -0.0359519, 0.0160259, -0.0325266, 0.0149106, -0.0294265, 0.0138579, -0.0266207, 0.0128645, -0.0240812, 0.0119274, -0.0217824, 0.0110437, -0.0197015, 0.0102108, -0.0178175, 0.00942596, -0.0161118, 0.00868688, -0.0145671, 0.00799122, -0.0131682, 0.00733679, -0.0119009, 0.00672153, -0.0107526, 0.00614349, -0.00971188, 0.00560084, -0.00876825, 0.00509186, -0.00791231, 0.0046149, -0.00713549, 0.00416843, -0.00643002, 0.00375102, -0.00578885, 0.00336131, -0.00520557, 0.00299804, -0.00467435, 0.00266001, -0.00418987, 0.00234614, -0.00374729, 0.00205539, -0.00334219, 0.0017868, -0.0029705, 0.00153949, -0.00262852, 0.00131266, -0.00231282, 0.00110555, -0.00202026, 0.000917488, -0.00174789, 0.000747852, -0.00149301, 0.000596088, -0.00125305, 0.000461703, -0.00102563, 0.00034426, -0.000808458, 0.000243385, -0.000599374, 0.000158756, -0.000396284, 9.01117e-05, -0.000197156, 3.72348e-05
0.00961635, -0.0017315, -0.00102359, 0.242391, 0.0105844, -0.057609, 0.0105844, 0.0303001, -0.00173107, -0.00102374, -0.0206838, -4.32911e-07, 1.42927e-07, 0.3, 0, -0.057609, 0.0105844, -0.0521251, 0.00970117, -0.0471624, 0.00887183, -0.0426713, 0.00809359, -0.038607, 0.00736379, -0.0349287, 0.00667992, -0.0315997, 0.0060396, -0.0285867, 0.00544059, -0.0258596, 0.00488077, -0.023391, 0.00435815, -0.0211564, 0.00387083, -0.0191334, 0.00341705, -0.0173016, 0.00299514, -0.0156429, 0.00260355, -0.0141407, 0.00224079, -0.0127798, 0.0019055, -0.0115467, 0.00159639, -0.0104291, 0.00131226, -0.00941579, 0.001052, -0.00849663, 0.000814569, -0.00766244, 0.000599013, -0.00690488, 0.000404445, -0.00621636, 0.000230054, -0.00559001, 7.5097e-05, -0.00501955, -6.11014e-05, -0.0044993, -0.00017915, -0.00402403, -0.000279593, -0.00358901, -0.000362914, -0.00318987, -0.000429532, -0.00282264, -0.00047981, -0.00248363, -0.00051405, -0.00216945, -0.000532495, -0.00187697, -0.000535332, -0.00160327, -0.000522691, -0.00134559, -0.000494647, -0.00110137, -0.000451217, -0.000868163, -0.000392364, -0.000643638, -0.000317993, -0.000425549, -0.000227955, -0.000211716, -0.000122055
0.0261737, -0.00290378, 0.00300291, 0.23943, -7.54583e-05, -0.06057, -7.54583e-05, 0.0318575, -0.00290335, 0.00300277, -0.00568376, -4.3076e-07, 1.42927e-07, 0.3, 0, -0.06057, -7.54583e-05, -0.0548042, -0.000432731, -0.0495864, -0.000759875, -0.0448645, -0.00105853, -0.0405913, -0.00133024, -0.0367239, -0.00157648, -0.0332238, -0.00179861, -0.030056, -0.0019979, -0.0271887, -0.00217555, -0.0245933, -0.00233265, -0.0222438, -0.00247024, -0.0201168, -0.00258927, -0.0181909, -0.00269062, -0.0164469, -0.00277509, -0.0148674, -0.00284342, -0.0134366, -0.00289629, -0.0121402, -0.00293431, -0.0109651, -0.00295802, -0.00989974, -0.00296793, -0.00893334, -0.00296445, -0.00805627, -0.00294796, -0.00725977, -0.00291879, -0.00653587, -0.0028772, -0.00587732, -0.0028234, -0.00527755, -0.00275754, -0.00473055, -0.00267975, -0.00423086, -0.00259008, -0.00377347, -0.00248854, -0.00335382, -0.00237508, -0.00296771, -0.00224961, -0.00261128, -0.00211199, -0.00228096, -0.00196203, -0.00197345, -0.00179948, -0.00168567, -0.00162406, -0.00141475, -0.00143541, -0.00115798, -0.00123315, -0.000912784, -0.00101682, -0.000676719, -0.00078593, -0.000447421, -0.000539912, -0.000222598, -0.000278169
0.0421725, -0.00393396, 0.00664705, 0.237531, -0.00984245, -0.062469, -0.00984245, 0.0328563, -0.00393353, 0.0066469, 0.00931624, -4.28609e-07, 1.42927e-07, 0.3, 0, -0.062469, -0.00984245, -0.0565225, -0.00971234, -0.0511411, -0.00957433, -0.0462712, -0.00942898, -0.0418639, -0.00927681, -0.0378753, -0.0091183, -0.0342655, -0.00895385, -0.0309983, -0.00878384, -0.0280411, -0.00860859, -0.0253644, -0.00842836, -0.0229412, -0.0082434, -0.0207475, -0.00805387, -0.0187612, -0.00785994, -0.0169626, -0.00766169, -0.0153336, -0.00745919, -0.0138579, -0.00725246, -0.0125208, -0.00704149, -0.0113089, -0.00682622, -0.0102101, -0.00660656, -0.00921343, -0.00638238, -0.00830887, -0.00615351, -0.00748739, -0.00591976, -0.00674079, -0.00568088, -0.00606159, -0.00543659, -0.00544301, -0.00518659, -0.00487887, -0.00493053, -0.00436351, -0.004668, -0.00389178, -0.0043986, -0.00345898, -0.00412184, -0.00306076, -0.00383723, -0.00269315, -0.00354422, -0.00235247, -0.00324221, -0.00203532, -0.00293058, -0.00173852, -0.00260866, -0.00145911, -0.00227571, -0.00119428, -0.00193097, -0.000941403, -0.00157362, -0.000697937, -0.0012028, -0.000461449, -0.000817582, -0.000229577, -0.000417005
0.0574057, -0.0049183, 0.0100164, 0.237088, -0.0187492, -0.0629124, -0.0187492, 0.0330895, -0.00491788, 0.0100162, 0.0243162, -4.26458e-07, 1.42927e-07, 0.3, 0, -0.0629124, -0.0187492, -0.0569236, -0.0181802, -0.0515041, -0.0176232, -0.0465996, -0.0170776, -0.042161, -0.0165432, -0.0381441, -0.0160194, -0.0345087, -0.0155059, -0.0312183, -0.0150023, -0.0282401, -0.014508, -0.0255444, -0.0140226, -0.023104, -0.0135457, -0.0208947, -0.0130767, -0.0188944, -0.0126151, -0.017083, -0.0121603, -0.0154424, -0.011712, -0.0139563, -0.0112694, -0.0126097, -0.0108319, -0.0113892, -0.0103991, -0.0102826, -0.0099703, -0.00927882, -0.00954483, -0.00836783, -0.00912206, -0.00754053, -0.00870131, -0.00678863, -0.0082819, -0.00610461, -0.0078631, -0.00548164, -0.00744418, -0.00491349, -0.00702435, -0.00439448, -0.00660283, -0.0039194, -0.00617879, -0.00348352, -0.00575138, -0.00308248, -0.00531972, -0.00271226, -0.00488288, -0.00236917, -0.00443992, -0.00204977, -0.00398983, -0.00175086, -0.0035316, -0.00146946, -0.00306415, -0.00120276, -0.00258636, -0.000948084, -0.00209708, -0.00070289, -0.00159509, -0.000464724, -0.00107914, -0.000231206, -0.000547909
0.0717954, -0.00581715, 0.012988, 0.238248, -0.0264856, -0.061752, -0.0264856, 0.0324792, -0.00581672, 0.0129878, 0.0393162, -4.24307e-07, 1.42927e-07, 0.3, 0, -0.061752, -0.0264856, -0.0558737, -0.0255409, -0.0505541, -0.0246248, -0.0457401, -0.0237362, -0.0413834, -0.0228739, -0.0374406, -0.0220367, -0.0338722, -0.0212234, -0.0306425, -0.020433, -0.0277193, -0.0196644, -0.0250732, -0.0189164, -0.0226779, -0.018188, -0.0205093, -0.017478, -0.0185459, -0.0167855, -0.0167679, -0.0161093, -0.0151576, -0.0154484, -0.0136989, -0.0148017, -0.0123771, -0.0141683, -0.0111791, -0.0135469, -0.0100929, -0.0129365, -0.00910768, -0.0123362, -0.00821349, -0.0117448, -0.00740145, -0.0111612, -0.00666341, -0.0105844, -0.00599202, -0.0100132, -0.00538054, -0.00944657, -0.00482287, -0.00888335, -0.00431342, -0.00832239, -0.00384711, -0.00776252, -0.00341927, -0.00720256, -0.00302563, -0.00664128, -0.00266224, -0.00607746, -0.00232547, -0.0055098, -0.00201196, -0.00493701, -0.00171857, -0.00435775, -0.00144236, -0.00377063, -0.00118058, -0.00317423, -0.000930597, -0.00256709, -0.000689925, -0.00194769, -0.000456153, -0.00131446, -0.000226942, -0.000665808
0.0856485, -0.00662921, 0.0155754, 0.240429, -0.0331077, -0.0595714, -0.0331077, 0.0313323, -0.00662879, 0.0155753, 0.0543162, -4.22155e-07, 1.42927e-07, 0.3, 0, -0.0595714, -0.0331077, -0.0539007, -0.0318467, -0.048769, -0.0306283, -0.0441249, -0.0294505, -0.0399221, -0.0283115, -0.0361185, -0.0272097, -0.0326761, -0.0261432, -0.0295605, -0.0251103, -0.0267405, -0.0241095, -0.0241878, -0.023139, -0.0218771, -0.0221974, -0.0197851, -0.021283, -0.017891, -0.0203944, -0.0161758, -0.0195299, -0.0146223, -0.0186881, -0.0132151, -0.0178676, -0.01194, -0.0170669, -0.0107844, -0.0162844, -0.00973653, -0.0155189, -0.00878607, -0.0147689, -0.00792346, -0.0140329, -0.00714009, -0.0133095, -0.00642812, -0.0125973, -0.00578043, -0.011895, -0.00519054, -0.011201, -0.00465256, -0.0105139, -0.00416111, -0.00983223, -0.00371126, -0.00915462, -0.00329853, -0.00847954, -0.00291879, -0.00780549, -0.00256823, -0.00713095, -0.00224335, -0.00645437, -0.00194091, -0.00577417, -0.00165788, -0.00508874, -0.00139143, -0.00439642, -0.00113889, -0.00369553, -0.000897736, -0.00298433, -0.000665563, -0.00226104, -0.000440045, -0.00152383, -0.000218928, -0.000770812
0.0987267, -0.00753007, 0.0180618, 0.244082, -0.0390036, -0.0559175, -0.0390036, 0.0294105, -0.00752965, 0.0180617, 0.0693162, -4.20004e-07, 1.42927e-07, 0.3, 0, -0.0559175, -0.0390036, -0.0505946, -0.0374832, -0.0457776, -0.0360158, -0.0414184, -0.0345991, -0.0374734, -0.0332308, -0.0339031, -0.0319086, -0.0306719, -0.0306304, -0.0277473, -0.0293941, -0.0251003, -0.0281976, -0.0227042, -0.027039, -0.0205352, -0.0259161, -0.0185716, -0.0248272, -0.0167936, -0.0237702, -0.0151836, -0.0227435, -0.0137255, -0.021745, -0.0124046, -0.020773, -0.0112077, -0.0198258, -0.0101229, -0.0189016, -0.00913933, -0.0179987, -0.00824716, -0.0171152, -0.00743746, -0.0162496, -0.00670214, -0.0154001, -0.00603384, -0.0145649, -0.00542588, -0.0137425, -0.00487217, -0.0129312, -0.00436719, -0.0121291, -0.00390588, -0.0113346, -0.00348363, -0.010546, -0.00309621, -0.00976153, -0.00273976, -0.00897945, -0.0024107, -0.00819796, -0.00210576, -0.00741526, -0.00182186, -0.00662951, -0.00155619, -0.00583885, -0.00130608, -0.00504135, -0.00106903, -0.00423507, -0.000842672, -0.00341801, -0.00062474, -0.0025881, -0.000413054, -0.00174326, -0.0002055, -0.00088132
0.111203, -0.00836668, 0.0202686, 0.248881, -0.0440924, -0.0511187, -0.0440924, 0.0268865, -0.00836626, 0.0202684, 0.0843162, -4.17853e-07, 1.42927e-07, 0.3, 0, -0.0511187, -0.0440924, -0.0462526, -0.0423554, -0.041849, -0.04068, -0.0378639, -0.0390632, -0.0342575, -0.0375025, -0.0309936, -0.0359953, -0.0280396, -0.034539, -0.0253661, -0.0331312, -0.0229462, -0.0317695, -0.0207558, -0.0304516, -0.0187729, -0.0291753, -0.0169778, -0.0279381, -0.0153524, -0.0267381, -0.0138806, -0.025573, -0.0125476, -0.0244407, -0.01134, -0.0233392, -0.0102458, -0.0222664, -0.00925415, -0.0212203, -0.008355, -0.0201989, -0.0075394, -0.0192003, -0.00679919, -0.0182225, -0.00612697, -0.0172635, -0.00551602, -0.0163215, -0.00496023, -0.0153944, -0.00445405, -0.0144804, -0.0039924, -0.0135775, -0.00357068, -0.0126838, -0.00318467, -0.0117974, -0.0028305, -0.0109162, -0.00250464, -0.0100383, -0.00220382, -0.00916176, -0.00192504, -0.00828444, -0.00166551, -0.0074043, -0.00142264, -0.00651925, -0.00119399, -0.00562715, -0.000977288, -0.0047258, -0.000770355, -0.00381297, -0.000571125, -0.00288637, -0.000377606, -0.00194363, -0.000187864, -0.000982354
0.123223, -0.00919694, 0.0223735, 0.254547, -0.0488212, -0.0454532, -0.0488212, 0.0239067, -0.00919652, 0.0223734, 0.0993162, -4.15702e-07, 1.42927e-07, 0.3, 0, -0.0454532, -0.0488212, -0.0411265, -0.0468896, -0.0372109, -0.0450268, -0.0336675, -0.0432297, -0.0304607, -0.0414952, -0.0275586, -0.0398206, -0.024932, -0.0382029, -0.0225548, -0.0366395, -0.0204031, -0.0351276, -0.0184554, -0.0336647, -0.0166923, -0.0322481, -0.0150961, -0.0308755, -0.0136509, -0.0295444, -0.0123422, -0.0282523, -0.0111569, -0.0269969, -0.0100832, -0.025776, -0.0091103, -0.0245872, -0.00822852, -0.0234284, -0.00742902, -0.0222972, -0.00670381, -0.0211915, -0.00604563, -0.0201092, -0.00544792, -0.019048, -0.00490468, -0.0180058, -0.00441049, -0.0169805, -0.00396041, -0.01597, -0.00354992, -0.0149721, -0.00317494, -0.0139846, -0.00283171, -0.0130054, -0.00251679, -0.0120323, -0.00222705, -0.0110632, -0.00195957, -0.0100957, -0.00171169, -0.00912775, -0.00148092, -0.00815696, -0.00126497, -0.00718102, -0.00106166, -0.00619758, -0.000868976, -0.00520422, -0.000684977, -0.00419848, -0.000507827, -0.00317781, -0.000335756, -0.00213963, -0.000167043, -0.0010813
0.134969, -0.0100486, 0.0244778, 0.260734, -0.0534647, -0.0392659, -0.0534647, 0.0206523, -0.0100482, 0.0244776, 0.114316, -4.13551e-07, 1.42927e-07, 0.3, 0, -0.0392659, -0.0534647, -0.0355281, -0.0513465, -0.0321455, -0.0493039, -0.0290845, -0.0473334, -0.0263142, -0.0454318, -0.0238071, -0.0435959, -0.0215381, -0.0418225, -0.0194845, -0.0401088, -0.0176257, -0.0384517, -0.0159432, -0.0368483, -0.0144201, -0.035296, -0.0130412, -0.0337918, -0.0117927, -0.0323332, -0.0106621, -0.0309176, -0.00963816, -0.0295423, -0.00871061, -0.0282048, -0.00787015, -0.0269026, -0.0071084, -0.0256333, -0.00641773, -0.0243945, -0.00579124, -0.0231837, -0.00522266, -0.0219985, -0.00470631, -0.0208366, -0.00423703, -0.0196956, -0.00381011, -0.0185732, -0.00342129, -0.0174671, -0.00306669, -0.0163749, -0.00274275, -0.0152942, -0.00244624, -0.0142226, -0.00217419, -0.0131579, -0.00192389, -0.0120976, -0.00169282, -0.0110392, -0.00147868, -0.00998035, -0.00127933, -0.00891851, -0.00109277, -0.00785114, -0.000917144, -0.00677566, -0.000750685, -0.00568942, -0.000591733, -0.00458973, -0.000438699, -0.00347382, -0.000290051, -0.00233885, -0.000144304, -0.00118193
0.146546, -0.0108239, 0.0269274, 0.267241, -0.0597088, -0.0327594, -0.0597088, 0.0172302, -0.0108235, 0.0269272, 0.129316, -4.114e-07, 1.42927e-07, 0.3, 0, -0.0327594, -0.0597088, -0.029641, -0.0572936, -0.026819, -0.0549669, -0.0242651, -0.0527248, -0.0219539, -0.0505633, -0.0198622, -0.0484786, -0.0179692, -0.0464672, -0.0162559, -0.0445255, -0.0147051, -0.0426501, -0.0133013, -0.0408375, -0.0120306, -0.0390846, -0.0108802, -0.0373881, -0.0098386, -0.0357449, -0.00889538, -0.034152, -0.0080411, -0.0326064, -0.00726724, -0.0311051, -0.00656605, -0.0296454, -0.00593053, -0.0282243, -0.0053543, -0.0268392, -0.00483162, -0.0254872, -0.00435726, -0.0241657, -0.00392647, -0.0228719, -0.00353494, -0.0216032, -0.00317877, -0.0203569, -0.00285438, -0.0191304, -0.00255853, -0.0179211, -0.00228827, -0.0167264, -0.00204089, -0.0155435, -0.00181393, -0.0143698, -0.0016051, -0.0132027, -0.00141232, -0.0120395, -0.00123366, -0.0108775, -0.00106734, -0.00971382, -0.0009117, -0.00854577, -0.000765172, -0.00737047, -0.000626295, -0.00618504, -0.000493682, -0.00498651, -0.000366006, -0.00377188, -0.000241989, -0.00253805, -0.000120393, -0.00128186
0.158207, -0.0115517, 0.0292564, 0.273589, -0.0656815, -0.0264109, -0.0656815, 0.0138911, -0.0115513, 0.0292562, 0.144316, -4.09249e-07, 1.42927e-07, 0.3, 0, -0.0264109, -0.0656815, -0.0238968, -0.0629805, -0.0216217, -0.0603805, -0.0195627, -0.0578771, -0.0176994, -0.0554656, -0.0160131, -0.0531419, -0.0144869, -0.0509017, -0.0131056, -0.048741, -0.0118554, -0.0466558, -0.0107237, -0.0446424, -0.00969919, -0.0426969, -0.00877172, -0.0408158, -0.00793196, -0.0389956, -0.00717153, -0.0372327, -0.00648281, -0.0355239, -0.00585891, -0.0338658, -0.00529361, -0.0322551, -0.00478124, -0.0306888, -0.00431669, -0.0291636, -0.0038953, -0.0276766, -0.00351286, -0.0262247, -0.00316555, -0.0248049, -0.0028499, -0.0234142, -0.00256275, -0.0220496, -0.00230122, -0.0207084, -0.00206271, -0.0193875, -0.00184482, -0.018084, -0.00164539, -0.0167951, -0.0014624, -0.0155178, -0.00129404, -0.0142492, -0.00113862, -0.0129864, -0.00099459, -0.0117263, -0.000860502, -0.010466, -0.00073502, -0.00920249, -0.000616888, -0.00793261, -0.000504925, -0.00665325, -0.000398011, -0.00536122, -0.000295077, -0.00405325, -0.000195094, -0.00272602, -9.70615e-05, -0.00137613
0.169673, -0.0122916, 0.0314296, 0.280309, -0.0710192, -0.0196909, -0.0710192, 0.0103567, -0.0122912, 0.0314295, 0.159316, -4.07098e-07, 1.42927e-07, 0.3, 0, -0.0196909, -0.0710192, -0.0178165, -0.0680739, -0.0161202, -0.0652399, -0.0145852, -0.0625123, -0.013196, -0.059886, -0.0119387, -0.0573563, -0.0108009, -0.0549186, -0.009771, -0.0525684, -0.00883886, -0.0503014, -0.00799511, -0.0481134, -0.00723132, -0.0460002, -0.00653983, -0.0439579, -0.00591374, -0.0419826, -0.00534679, -0.0400705, -0.00483331, -0.038218, -0.00436816, -0.0364213, -0.0039467, -0.034677, -0.00356469, -0.0329817, -0.00321834, -0.0313318, -0.00290417, -0.029724, -0.00261904, -0.0281551, -0.0023601, -0.0266218, -0.00212477, -0.0251208, -0.00191068, -0.023649, -0.0017157, -0.0222032, -0.00153787, -0.0207802, -0.00137542, -0.0193769, -0.00122673, -0.0179901, -0.00109031, -0.0166167, -0.000964784, -0.0152535, -0.00084891, -0.0138974, -0.000741525, -0.0125452, -0.000641555, -0.0111936, -0.000548, -0.00983933, -0.000459926, -0.00847913, -0.000376451, -0.00710962, -0.00029674, -0.00572737, -0.000219997, -0.0043289, -0.000145454, -0.00291062, -7.23651e-05, -0.00146893
0.180963, -0.0129391, 0.0331447, 0.287363, -0.0749846, -0.0126367, -0.0749846, 0.00664641, -0.0129387, 0.0331446, 0.174316, -4.04947e-07, 1.42927e-07, 0.3, 0, -0.0126367, -0.0749846, -0.0114338, -0.07187, -0.0103452, -0.0688734, -0.00936006, -0.0659894, -0.00846853, -0.0632128, -0.00766169, -0.0605385, -0.00693147, -0.0579617, -0.00627056, -0.0554776, -0.00567236, -0.0530816, -0.00513088, -0.0507692, -0.00464071, -0.0485362, -0.00419695, -0.0463782, -0.00379516, -0.0442913, -0.00343132, -0.0422713, -0.00310179, -0.0403143, -0.00280328, -0.0384166, -0.0025328, -0.0365744, -0.00228765, -0.034784, -0.00206538, -0.0330419, -0.00186376, -0.0313444, -0.00168078, -0.0296881, -0.0015146, -0.0280695, -0.00136357, -0.0264853, -0.00122618, -0.024932, -0.00110105, -0.0234063, -0.000986932, -0.0219049, -0.000882681, -0.0204244, -0.000787257, -0.0189615, -0.000699706, -0.0175129, -0.000619152, -0.0160753, -0.00054479, -0.0146453, -0.000475875, -0.0132196, -0.000411719, -0.0117946, -0.00035168, -0.0103671, -0.000295158, -0.00893346, -0.000241588, -0.00749017, -0.000190434, -0.00603362, -0.000141184, -0.00456013, -9.33453e-05, -0.00306595, -4.64404e-05, -0.00154724
0.192102, -0.0135912, 0.0346725, 0.294703, -0.0782251, -0.00529687, -0.0782251, 0.00278595, -0.0135908, 0.0346723, 0.189316, -4.02796e-07, 1.42927e-07, 0.3, 0, -0.00529687, -0.0782251, -0.00479265, -0.0749874, -0.00433636, -0.0718719, -0.00392343, -0.068873, -0.00354973, -0.0659852, -0.00321153, -0.0632034, -0.00290544, -0.0605224, -0.00262841, -0.0579374, -0.00237766, -0.0554437, -0.00215069, -0.0530365, -0.00194523, -0.0507115, -0.00175922, -0.0484642, -0.0015908, -0.0462903, -0.00143829, -0.0441858, -0.00130017, -0.0421466, -0.00117504, -0.0401686, -0.00106167, -0.0382481, -0.000958907, -0.0363812, -0.000865737, -0.0345641, -0.000781225, -0.0327932, -0.000704525, -0.0310648, -0.000634871, -0.0293754, -0.000571565, -0.0277214, -0.000513975, -0.0260993, -0.000461524, -0.0245056, -0.000413689, -0.0229369, -0.000369991, -0.0213896, -0.000329992, -0.0198603, -0.000293294, -0.0183455, -0.000259528, -0.0168418, -0.000228358, -0.0153456, -0.000199471, -0.0138535, -0.000172579, -0.0123618, -0.000147413, -0.010867, -0.000123721, -0.00936535, -0.000101266, -0.00785324, -7.98234e-05, -0.00632684, -5.91794e-05, -0.00478231, -3.91272e-05, -0.00321569, -1.94663e-05, -0.00162299
0.203357, -0.014217, 0.0359828, 0.301824, -0.0807458, 0.00182444, -0.0807458, -0.000959583, -0.0142166, 0.0359826, 0.204316, -4.00645e-07, 1.42927e-07, 0.3, 0, 0.00182444, -0.0807458, 0.00165077, -0.0774273, 0.0014936, -0.0742329, 0.00135137, -0.0711569, 0.00122266, -0.0681939, 0.00110617, -0.0653386, 0.00100074, -0.0625858, 0.000905321, -0.0599307, 0.000818955, -0.0573683, 0.000740778, -0.0548939, 0.00067001, -0.052503, 0.000605941, -0.0501912, 0.000547931, -0.047954, 0.000495401, -0.0457873, 0.000447825, -0.0436869, 0.000404727, -0.0416488, 0.000365677, -0.0396689, 0.000330283, -0.0377435, 0.000298192, -0.0358686, 0.000269083, -0.0340405, 0.000242665, -0.0322555, 0.000218673, -0.0305099, 0.000196868, -0.0288, 0.000177032, -0.0271222, 0.000158966, -0.025473, 0.00014249, -0.0238487, 0.000127438, -0.0222458, 0.000113661, -0.0206608, 0.000101021, -0.0190899, 8.9391e-05, -0.0175296, 7.86548e-05, -0.0159764, 6.87051e-05, -0.0144265, 5.94425e-05, -0.0128763, 5.07744e-05, -0.011322, 4.26139e-05, -0.00975985, 3.48796e-05, -0.00818596, 2.74941e-05, -0.00659641, 2.03836e-05, -0.0049872, 1.34769e-05, -0.00335421, 6.7049e-06, -0.00169327
0.214714, -0.0148448, 0.0371926, 0.30875, -0.0828793, 0.00874988, -0.0828793, -0.0046021, -0.0148444, 0.0371925, 0.219316, -3.98494e-07, 1.42927e-07, 0.3, 0, 0.00874988, -0.0828793, 0.00791696, -0.0795045, 0.00716321, -0.0762545, 0.00648109, -0.0731235, 0.00586378, -0.0701062, 0.0053051, -0.0671972, 0.00479948, -0.0643913, 0.00434186, -0.0616836, 0.00392765, -0.0590692, 0.00355272, -0.0565434, 0.00321332, -0.0541015, 0.00290605, -0.0517392, 0.00262784, -0.0494519, 0.00237591, -0.0472355, 0.00214774, -0.0450858, 0.00194104, -0.0429986, 0.00175376, -0.0409699, 0.00158401, -0.0389958, 0.00143011, -0.0370724, 0.0012905, -0.0351959, 0.0011638, -0.0333624, 0.00104874, -0.0315683, 0.000944165, -0.0298097, 0.000849032, -0.0280831, 0.000762389, -0.0263846, 0.00068337, -0.0247108, 0.000611185, -0.0230578, 0.000545112, -0.0214221, 0.00048449, -0.0198, 0.000428713, -0.0181877, 0.000377223, -0.0165816, 0.000329505, -0.0149778, 0.000285082, -0.0133725, 0.00024351, -0.011762, 0.000204373, -0.0101422, 0.00016728, -0.0085092, 0.00013186, -0.00685891, 9.77582e-05, -0.00518715, 6.4634e-05, -0.00348968, 3.21562e-05, -0.00176215
0.226367, -0.0153698, 0.0382181, 0.315113, -0.0847156, 0.0151133, -0.0847156, -0.00794901, -0.0153694, 0.038218, 0.234316, -3.96343e-07, 1.42927e-07, 0.3, 0, 0.0151133, -0.0847156, 0.0136746, -0.0812904, 0.0123727, -0.0779908, 0.0111945, -0.074811, 0.0101282, -0.0717454, 0.00916328, -0.0687888, 0.00828994, -0.065936, 0.0074995, -0.063182, 0.00678406, -0.0605219, 0.00613646, -0.0579509, 0.00555023, -0.0554645, 0.00501949, -0.053058, 0.00453895, -0.0507271, 0.00410381, -0.0484674, 0.00370969, -0.0462748, 0.00335268, -0.0441451, 0.00302919, -0.0420742, 0.002736, -0.0400581, 0.00247016, -0.0380929, 0.00222903, -0.0361746, 0.00201018, -0.0342995, 0.00181144, -0.0324638, 0.00163082, -0.0306635, 0.0014665, -0.0288951, 0.00131684, -0.0271547, 0.00118036, -0.0254386, 0.00105567, -0.023743, 0.000941549, -0.0220643, 0.000836839, -0.0203986, 0.000740497, -0.0187422, 0.000651561, -0.0170912, 0.00056914, -0.0154418, 0.00049241, -0.0137901, 0.000420605, -0.012132, 0.000353005, -0.0104637, 0.000288936, -0.00878087, 0.000227756, -0.00707944, 0.000168854, -0.00535508, 0.00011164, -0.00360341, 5.55421e-05, -0.00181996
0.238329, -0.0158651, 0.0391326, 0.32089, -0.0862479, 0.0208903, -0.0862479, -0.0109875, -0.0158647, 0.0391325, 0.249316, -3.94192e-07, 1.42927e-07, 0.3, 0, 0.0208903, -0.0862479, 0.0189017, -0.0827879, 0.0171022, -0.0794534, 0.0154736, -0.0762387, 0.0139998, -0.0731383, 0.0126659, -0.070147, 0.0114588, -0.0672595, 0.0103662, -0.0644709, 0.00937727, -0.0617762, 0.00848212, -0.0591707, 0.0076718, -0.0566497, 0.00693819, -0.0542089, 0.00627397, -0.0518436, 0.00567248, -0.0495495, 0.00512773, -0.0473226, 0.00463424, -0.0451584, 0.0041871, -0.0430531, 0.00378183, -0.0410024, 0.00341438, -0.0390025, 0.00308107, -0.0370495, 0.00277858, -0.0351394, 0.00250387, -0.0332683, 0.00225419, -0.0314325, 0.00202706, -0.0296281, 0.00182021, -0.0278514, 0.00163155, -0.0260985, 0.00145921, -0.0243657, 0.00130146, -0.0226491, 0.00115672, -0.0209448, 0.00102355, -0.0192491, 0.00090062, -0.017558, 0.000786694, -0.0158676, 0.000680634, -0.0141739, 0.000581381, -0.0124728, 0.000487942, -0.0107602, 0.000399382, -0.00903185, 0.000314816, -0.00728348, 0.000233398, -0.00551069, 0.000154314, -0.00370895, 7.67731e-05, -0.00187367
0.250649, -0.0165527, 0.0401584, 0.325985, -0.0874538, 0.0259846, -0.0874538, -0.0136669, -0.0165523, 0.0401582, 0.264316, -3.9204e-07, 1.42927e-07, 0.3, 0, 0.0259846, -0.0874538, 0.0235111, -0.0840035, 0.0212726, -0.0806756, 0.0192469, -0.0774646, 0.0174137, -0.0743651, 0.0157546, -0.0713721, 0.0142531, -0.0684804, 0.012894, -0.0656853, 0.011664, -0.0629819, 0.0105505, -0.0603657, 0.00954262, -0.0578321, 0.00863011, -0.0553766, 0.00780392, -0.0529949, 0.00705576, -0.0506827, 0.00637815, -0.0484359, 0.00576433, -0.0462504, 0.00520815, -0.044122, 0.00470406, -0.0420468, 0.004247, -0.0400208, 0.00383241, -0.0380402, 0.00345615, -0.036101, 0.00311445, -0.0341993, 0.00280389, -0.0323314, 0.00252138, -0.0304934, 0.00226407, -0.0286815, 0.00202941, -0.0268918, 0.00181504, -0.0251205, 0.00161882, -0.0233637, 0.00143879, -0.0216176, 0.00127315, -0.0198782, 0.00112024, -0.0181415, 0.000978534, -0.0164036, 0.000846611, -0.0146602, 0.000723154, -0.0129073, 0.000606929, -0.0111405, 0.000496773, -0.00935566, 0.000391585, -0.00754822, 0.000290313, -0.00571366, 0.000191944, -0.00384733, 9.54946e-05, -0.00194445
0.263122, -0.0172483, 0.0410702, 0.33079, -0.0881988, 0.0307897, -0.0881988, -0.0161942, -0.0172479, 0.0410701, 0.279316, -3.89889e-07, 1.42927e-07, 0.3, 0, 0.0307897, -0.0881988, 0.0278587, -0.0847883, 0.0252064, -0.0814954, 0.0228061, -0.0783149, 0.0206339, -0.0752417, 0.018668, -0.0722709, 0.0168888, -0.0693977, 0.0152784, -0.0666175, 0.0138209, -0.0639256, 0.0125016, -0.0613177, 0.0113072, -0.0587893, 0.010226, -0.0563362, 0.00924703, -0.0539541, 0.00836051, -0.0516388, 0.00755761, -0.0493864, 0.00683028, -0.0471927, 0.00617125, -0.0450538, 0.00557394, -0.0429659, 0.00503236, -0.0409249, 0.00454111, -0.038927, 0.00409527, -0.0369684, 0.00369038, -0.0350453, 0.00332239, -0.0331538, 0.00298763, -0.0312901, 0.00268275, -0.0294504, 0.00240469, -0.0276308, 0.00215068, -0.0258275, 0.00191818, -0.0240366, 0.00170486, -0.0222541, 0.00150858, -0.0204761, 0.0013274, -0.0186985, 0.00115949, -0.0169172, 0.00100317, -0.0151281, 0.000856881, -0.0133268, 0.000719163, -0.0115091, 0.000588637, -0.00967052, 0.000463998, -0.00780646, 0.000343998, -0.00591225, 0.000227439, -0.0039831, 0.000113154, -0.00201409
0.275844, -0.0178476, 0.041731, 0.335121, -0.0883691, 0.0351208, -0.0883691, -0.0184722, -0.0178472, 0.0417309, 0.294316, -3.87738e-07, 1.42927e-07, 0.3, 0, 0.0351208, -0.0883691, 0.0317776, -0.0850226, 0.0287521, -0.081788, 0.0260142, -0.0786604, 0.0235364, -0.075635, 0.0212939, -0.0727072, 0.0192645, -0.0698725, 0.0174276, -0.0671264, 0.015765, -0.0644647, 0.0142601, -0.0618829, 0.0128978, -0.059377, 0.0116645, -0.0569429, 0.0105478, -0.0545764, 0.00953657, -0.0522736, 0.00862072, -0.0500306, 0.00779108, -0.0478434, 0.00703935, -0.0457082, 0.00635801, -0.0436212, 0.00574025, -0.0415786, 0.00517989, -0.0395765, 0.00467134, -0.0376112, 0.00420949, -0.035679, 0.00378975, -0.033776, 0.0034079, -0.0318985, 0.00306012, -0.0300426, 0.00274295, -0.0282046, 0.00245321, -0.0263806, 0.002188, -0.0245666, 0.00194468, -0.0227587, 0.00172079, -0.020953, 0.00151412, -0.0191453, 0.00132259, -0.0173315, 0.00114428, -0.0155073, 0.000977416, -0.0136686, 0.000820326, -0.0118107, 0.00067144, -0.00992921, 0.000529267, -0.00801947, 0.000392388, -0.00607668, 0.000259432, -0.00409592, 0.000129071, -0.00207215
0.28878, -0.0183795, 0.0422153, 0.339046, -0.0881343, 0.0390461, -0.0881343, -0.0205367, -0.0183791, 0.0422151, 0.309316, -3.85587e-07, 1.42927e-07, 0.3, 0, 0.0390461, -0.0881343, 0.0353292, -0.0848689, 0.0319656, -0.081709, 0.0289216, -0.0786502, 0.0261669, -0.0756878, 0.0236739, -0.0728177, 0.0214175, -0.0700356, 0.0193754, -0.0673373, 0.017527, -0.0647187, 0.0158539, -0.0621757, 0.0143393, -0.0597045, 0.0129681, -0.0573012, 0.0117266, -0.0549617, 0.0106024, -0.0526824, 0.00958421, -0.0504594, 0.00866184, -0.048289, 0.00782609, -0.0461675, 0.00706861, -0.0440912, 0.00638181, -0.0420563, 0.00575882, -0.0400592, 0.00519343, -0.0380961, 0.00467997, -0.0361635, 0.00421331, -0.0342576, 0.00378878, -0.0323746, 0.00340214, -0.0305107, 0.00304952, -0.0286623, 0.0027274, -0.0268254, 0.00243255, -0.0249962, 0.00216202, -0.0231707, 0.00191312, -0.0213449, 0.00168334, -0.0195147, 0.00147041, -0.017676, 0.00127217, -0.0158244, 0.00108666, -0.0139556, 0.00091201, -0.0120652, 0.000746483, -0.0101485, 0.000588421, -0.00820073, 0.000436243, -0.00621713, 0.000288427, -0.00419263, 0.000143496, -0.00212208
0.301845, -0.0188933, 0.042647, 0.342725, -0.0877714, 0.0427249, -0.0877714, -0.0224717, -0.0188929, 0.0426469, 0.324316, -3.83436e-07, 1.42927e-07, 0.3, 0, 0.0427249, -0.0877714, 0.0386579, -0.084593, 0.0349773, -0.0815135, 0.0316466, -0.0785287, 0.0286323, -0.0756345, 0.0259044, -0.072827, 0.0234355, -0.0701022, 0.0212009, -0.0674561, 0.0191784, -0.064885, 0.0173476, -0.0623851, 0.0156904, -0.0599526, 0.01419, -0.0575838, 0.0128315, -0.055275, 0.0116014, -0.0530228, 0.0104872, -0.0508233, 0.00947795, -0.048673, 0.00856346, -0.0465683, 0.00773461, -0.0445057, 0.00698309, -0.0424816, 0.00630141, -0.0404924, 0.00568275, -0.0385344, 0.00512091, -0.0366041, 0.00461028, -0.0346979, 0.00414575, -0.0328119, 0.00372268, -0.0309427, 0.00333684, -0.0290863, 0.00298437, -0.027239, 0.00266174, -0.0253969, 0.00236573, -0.0235561, 0.00209337, -0.0217125, 0.00184195, -0.0198621, 0.00160895, -0.0180006, 0.00139203, -0.0161238, 0.00118904, -0.0142273, 0.000997938, -0.0123064, 0.000816816, -0.0103566, 0.000643861, -0.0083731, 0.000477345, -0.00635088, 0.000315603, -0.00428485, 0.000157016, -0.00216976
0.315258, -0.0193566, 0.0429356, 0.345741, -0.0870631, 0.0457408, -0.0870631, -0.0240579, -0.0193562, 0.0429354, 0.339316, -3.81285e-07, 1.42927e-07, 0.3, 0, 0.0457408, -0.0870631, 0.0413867, -0.0839871, 0.0374463, -0.0810028, 0.0338805, -0.0781064, 0.0306534, -0.0752941, 0.0277329, -0.0725622, 0.0250898, -0.0699072, 0.0226975, -0.0673255, 0.0205322, -0.0648135, 0.0185722, -0.0623677, 0.0167979, -0.0599847, 0.0151916, -0.0576608, 0.0137373, -0.0553928, 0.0124203, -0.0531771, 0.0112275, -0.0510103, 0.010147, -0.0488891, 0.00916794, -0.0468099, 0.00828058, -0.0447694, 0.00747602, -0.0427641, 0.00674622, -0.0407905, 0.00608388, -0.0388452, 0.00548239, -0.0369246, 0.00493571, -0.0350252, 0.0044384, -0.0331434, 0.00398546, -0.0312755, 0.00357238, -0.0294179, 0.00319503, -0.0275667, 0.00284963, -0.0257181, 0.00253272, -0.0238683, 0.00224114, -0.0220132, 0.00197197, -0.0201487, 0.00172252, -0.0182706, 0.00149029, -0.0163746, 0.00127297, -0.0144563, 0.00106838, -0.012511, 0.000874473, -0.0105342, 0.00068931, -0.00852089, 0.00051104, -0.00646611, 0.000337881, -0.00436465, 0.0001681, -0.00221118
0.329034, -0.0197635, 0.0430752, 0.348069, -0.0860115, 0.0480686, -0.0860115, -0.0252822, -0.0197632, 0.043075, 0.354316, -3.79134e-07, 1.42927e-07, 0.3, 0, 0.0480686, -0.0860115, 0.0434928, -0.0830525, 0.039352, -0.0801775, 0.0356047, -0.0773828, 0.0322134, -0.0746654, 0.0291443, -0.0720217, 0.0263666, -0.0694486, 0.0238526, -0.0669428, 0.0215771, -0.0645011, 0.0195173, -0.0621202, 0.0176528, -0.0597969, 0.0159648, -0.057528, 0.0144364, -0.0553102, 0.0130524, -0.0531405, 0.0117989, -0.0510155, 0.0106634, -0.048932, 0.00963451, -0.0468868, 0.00870198, -0.0448766, 0.00785648, -0.0428981, 0.00708954, -0.0409479, 0.0063935, -0.0390228, 0.00576139, -0.0371193, 0.00518689, -0.035234, 0.00466427, -0.0333634, 0.00418828, -0.0315038, 0.00375418, -0.0296517, 0.00335763, -0.0278033, 0.00299464, -0.0259549, 0.00266161, -0.0241026, 0.00235519, -0.0222424, 0.00207232, -0.0203702, 0.00181018, -0.0184819, 0.00156614, -0.0165731, 0.00133776, -0.0146393, 0.00112275, -0.0126761, 0.000918976, -0.0106786, 0.00072439, -0.00864202, 0.000537047, -0.0065612, 0.000355076, -0.00443093, 0.000176655, -0.00224579
0.34303, -0.020153, 0.0431722, 0.349977, -0.0848664, 0.0499772, -0.0848664, -0.0262861, -0.0201527, 0.0431721, 0.369316, -3.76983e-07, 1.42927e-07, 0.3, 0, 0.0499772, -0.0848664, 0.0452197, -0.0820282, 0.0409145, -0.079266, 0.0370184, -0.0765767, 0.0334924, -0.0739574, 0.0303014, -0.0714051, 0.0274135, -0.068917, 0.0247996, -0.0664901, 0.0224338, -0.0641215, 0.0202923, -0.0618083, 0.0183537, -0.0595475, 0.0165986, -0.0573362, 0.0150096, -0.0551714, 0.0135706, -0.05305, 0.0122673, -0.0509692, 0.0110868, -0.0489258, 0.010017, -0.0469168, 0.00904749, -0.0449391, 0.00816842, -0.0429896, 0.00737103, -0.041065, 0.00664735, -0.0391622, 0.00599014, -0.0372778, 0.00539284, -0.0354086, 0.00484946, -0.033551, 0.00435458, -0.0317017, 0.00390324, -0.029857, 0.00349094, -0.0280133, 0.00311355, -0.026167, 0.00276729, -0.024314, 0.0024487, -0.0224506, 0.0021546, -0.0205726, 0.00188205, -0.0186758, 0.00162832, -0.0167561, 0.00139087, -0.0148088, 0.00116733, -0.0128294, 0.000955464, -0.0108132, 0.000753152, -0.00875519, 0.000558371, -0.00665027, 0.000369174, -0.00449315, 0.000183669, -0.00227835
0.357333, -0.0204919, 0.0431392, 0.351303, -0.0834269, 0.0513026, -0.0834269, -0.0269832, -0.0204915, 0.0431391, 0.384316, -3.74832e-07, 1.42927e-07, 0.3, 0, 0.0513026, -0.0834269, 0.046419, -0.0807217, 0.0419995, -0.0780841, 0.0380001, -0.0755114, 0.0343807, -0.0730012, 0.031105, -0.0705508, 0.0281405, -0.0681579, 0.0254573, -0.0658197, 0.0230287, -0.0635337, 0.0208304, -0.0612973, 0.0188404, -0.0591077, 0.0170388, -0.0569625, 0.0154076, -0.0548587, 0.0139305, -0.0527937, 0.0125927, -0.0507647, 0.0113808, -0.0487689, 0.0102827, -0.0468034, 0.00928743, -0.0448653, 0.00838505, -0.0429515, 0.00756651, -0.0410592, 0.00682364, -0.0391852, 0.006149, -0.0373263, 0.00553586, -0.0354793, 0.00497807, -0.0336409, 0.00447006, -0.0318078, 0.00400676, -0.0299765, 0.00358352, -0.0281433, 0.00319612, -0.0263047, 0.00284068, -0.0244568, 0.00251364, -0.0225957, 0.00221174, -0.0207175, 0.00193196, -0.018818, 0.0016715, -0.0168928, 0.00142776, -0.0149376, 0.00119829, -0.0129477, 0.000980803, -0.0109184, 0.000773125, -0.00884472, 0.000573179, -0.00672148, 0.000378964, -0.00454336, 0.000188539, -0.00230485
0.371835, -0.0207873, 0.043007, 0.352249, -0.0817811, 0.0522489, -0.0817811, -0.0274809, -0.0207869, 0.0430068, 0.399316, -3.72681e-07, 1.42927e-07, 0.3, 0, 0.0522489, -0.0817811, 0.0472752, -0.0792166, 0.0427743, -0.0767109, 0.0387011, -0.0742619, 0.0350149, -0.0718677, 0.0316788, -0.0695259, 0.0286596, -0.0672345, 0.0259269, -0.0649913, 0.0234535, -0.062794, 0.0212147, -0.0606403, 0.019188, -0.0585278, 0.0173531, -0.0564542, 0.0156918, -0.054417, 0.0141875, -0.0524137, 0.012825, -0.0504417, 0.0115907, -0.0484985, 0.0104724, -0.0465814, 0.00945875, -0.0446877, 0.00853972, -0.0428146, 0.00770608, -0.0409591, 0.00694951, -0.0391185, 0.00626243, -0.0372896, 0.00563797, -0.0354694, 0.0050699, -0.0336547, 0.00455252, -0.0318421, 0.00408067, -0.0300284, 0.00364962, -0.0282101, 0.00325508, -0.0263835, 0.00289308, -0.024545, 0.00256001, -0.0226906, 0.00225254, -0.0208165, 0.0019676, -0.0189185, 0.00170234, -0.0169923, 0.00145409, -0.0150335, 0.00122039, -0.0130376, 0.000998895, -0.0109997, 0.000787387, -0.0089149, 0.000583752, -0.00677801, 0.000385955, -0.00458368, 0.000192017, -0.00232633
0.386623, -0.021052, 0.042814, 0.352653, -0.0800248, 0.0526533, -0.0800248, -0.0276936, -0.0210516, 0.0428138, 0.414316, -3.7053e-07, 1.42927e-07, 0.3, 0, 0.0526533, -0.0800248, 0.0476411, -0.077604, 0.0431053, -0.0752333, 0.0390006, -0.0729112, 0.0352859, -0.0706359, 0.031924, -0.0684057, 0.0288814, -0.0662188, 0.0261276, -0.0640734, 0.023635, -0.0619676, 0.0213789, -0.0598993, 0.0193365, -0.0578666, 0.0174875, -0.0558674, 0.0158133, -0.0538994, 0.0142973, -0.0519604, 0.0129242, -0.0500481, 0.0116804, -0.0481601, 0.0105534, -0.046294, 0.00953196, -0.0444472, 0.00860582, -0.0426171, 0.00776573, -0.0408011, 0.0070033, -0.0389963, 0.0063109, -0.0372, 0.00568161, -0.035409, 0.00510914, -0.0336204, 0.00458776, -0.031831, 0.00411225, -0.0300375, 0.00367787, -0.0282365, 0.00328027, -0.0264245, 0.00291547, -0.0245979, 0.00257982, -0.0227528, 0.00226998, -0.0208854, 0.00198283, -0.0189916, 0.00171551, -0.0170672, 0.00146535, -0.0151077, 0.00122984, -0.0131086, 0.00100663, -0.011065, 0.000793481, -0.00897213, 0.00058827, -0.00682469, 0.000388942, -0.00461732, 0.000193504, -0.00234443
0.401628, -0.0212905, 0.0425807, 0.352643, -0.0782185, 0.0526428, -0.0782185, -0.0276881, -0.0212901, 0.0425806, 0.429316, -3.68379e-07, 1.42927e-07, 0.3, 0, 0.0526428, -0.0782185, 0.0476316, -0.0759413, 0.0430967, -0.0737057, 0.0389928, -0.0715105, 0.0352788, -0.0693543, 0.0319176, -0.0672359, 0.0288756, -0.0651538, 0.0261224, -0.0631067, 0.0236303, -0.0610928, 0.0213746, -0.0591107, 0.0193326, -0.0571584, 0.017484, -0.0552341, 0.0158101, -0.0533361, 0.0142944, -0.0514622, 0.0129217, -0.0496104, 0.0116781, -0.0477786, 0.0105513, -0.0459644, 0.00953006, -0.0441657, 0.0086041, -0.0423798, 0.00776418, -0.0406043, 0.0070019, -0.0388366, 0.00630964, -0.037074, 0.00568048, -0.0353136, 0.00510812, -0.0335524, 0.00458684, -0.0317875, 0.00411143, -0.0300157, 0.00367714, -0.0282335, 0.00327962, -0.0264378, 0.00291489, -0.0246247, 0.00257931, -0.0227907, 0.00226952, -0.0209318, 0.00198244, -0.0190441, 0.00171517, -0.0171233, 0.00146506, -0.0151651, 0.00122959, -0.0131649, 0.00100643, -0.0111179, 0.000793323, -0.00901917, 0.000588153, -0.00686356, 0.000388865, -0.00464564, 0.000193465, -0.00235981
0.416775, -0.0214795, 0.0422431, 0.352364, -0.0762099, 0.0523636, -0.0762099, -0.0275412, -0.0214791, 0.042243, 0.444316, -3.66228e-07, 1.42927e-07, 0.3, 0, 0.0523636, -0.0762099, 0.047379, -0.0740829, 0.0428682, -0.0719887, 0.038786, -0.0699266, 0.0350917, -0.0678956, 0.0317484, -0.065895, 0.0287225, -0.0639236, 0.0259838, -0.0619804, 0.023505, -0.0600641, 0.0212612, -0.0581734, 0.0192301, -0.0563069, 0.0173912, -0.0544629, 0.0157263, -0.0526399, 0.0142186, -0.0508362, 0.0128531, -0.0490499, 0.0116162, -0.047279, 0.0104954, -0.0455216, 0.00947951, -0.0437755, 0.00855846, -0.0420385, 0.007723, -0.0403081, 0.00696476, -0.0385821, 0.00627617, -0.0368577, 0.00565035, -0.0351323, 0.00508103, -0.0334031, 0.00456251, -0.0316671, 0.00408963, -0.0299214, 0.00365763, -0.0281626, 0.00326222, -0.0263874, 0.00289943, -0.0245924, 0.00256563, -0.0227739, 0.00225749, -0.0209281, 0.00197192, -0.0190511, 0.00170607, -0.0171386, 0.00145729, -0.0151864, 0.00122307, -0.0131899, 0.00100109, -0.0111443, 0.000789115, -0.00904484, 0.000585033, -0.00688619, 0.000386802, -0.00466299, 0.000192439, -0.00236962
0.432064, -0.0216612, 0.0419058, 0.351814, -0.0742304, 0.0518143, -0.0742304, -0.0272523, -0.0216609, 0.0419057, 0.459316, -3.64076e-07, 1.42927e-07, 0.3, 0, 0.0518143, -0.0742304, 0.046882, -0.0722509, 0.0424185, -0.0702956, 0.0383792, -0.0683642, 0.0347236, -0.0664563, 0.0314153, -0.0645713, 0.0284212, -0.0627087, 0.0257113, -0.0608676, 0.0232584, -0.0590472, 0.0210382, -0.0572464, 0.0190284, -0.0554641, 0.0172088, -0.053699, 0.0155613, -0.0519499, 0.0140695, -0.0502151, 0.0127183, -0.0484932, 0.0114943, -0.0467823, 0.0103853, -0.0450808, 0.00938008, -0.0433866, 0.00846869, -0.0416976, 0.00764199, -0.0400118, 0.00689171, -0.0383268, 0.00621034, -0.0366401, 0.00559108, -0.0349493, 0.00502773, -0.0332516, 0.00451465, -0.0315443, 0.00404673, -0.0298244, 0.00361927, -0.0280887, 0.003228, -0.026334, 0.00286901, -0.024557, 0.00253872, -0.022754, 0.00223381, -0.0209213, 0.00195124, -0.019055, 0.00168818, -0.0171509, 0.001442, -0.0152049, 0.00121024, -0.0132123, 0.000990587, -0.0111685, 0.000780837, -0.00906858, 0.000578897, -0.00690729, 0.000382745, -0.00467926, 0.00019042, -0.00237886
0.447488, -0.021851, 0.0416043, 0.351009, -0.072355, 0.0510088, -0.072355, -0.0268287, -0.0218507, 0.0416042, 0.474316, -3.61925e-07, 1.42927e-07, 0.3, 0, 0.0510088, -0.072355, 0.0461532, -0.0705174, 0.041759, -0.0686958, 0.0377825, -0.06689, 0.0341838, -0.0651003, 0.0309269, -0.0633264, 0.0279793, -0.0615682, 0.0253115, -0.059825, 0.0228969, -0.0580965, 0.0207111, -0.0563819, 0.0187325, -0.0546802, 0.0169413, -0.0529907, 0.0153194, -0.0513121, 0.0138507, -0.0496432, 0.0125206, -0.0479827, 0.0113156, -0.0463291, 0.0102238, -0.0446807, 0.00923425, -0.0430358, 0.00833703, -0.0413925, 0.00752318, -0.0397488, 0.00678457, -0.0381026, 0.00611379, -0.0364515, 0.00550416, -0.0347932, 0.00494957, -0.0331251, 0.00444447, -0.0314445, 0.00398382, -0.0297486, 0.003563, -0.0280343, 0.00317782, -0.0262984, 0.00282441, -0.0245377, 0.00249925, -0.0227486, 0.00219908, -0.0209275, 0.0019209, -0.0190705, 0.00166193, -0.0171735, 0.00141958, -0.0152322, 0.00119143, -0.0132423, 0.000975187, -0.0111989, 0.000768698, -0.00909721, 0.000569897, -0.00693202, 0.000376794, -0.00469793, 0.00018746, -0.0023893
0.462981, -0.0220634, 0.0413782, 0.35007, -0.0706767, 0.0500698, -0.0706767, -0.0263348, -0.022063, 0.041378, 0.489316, -3.59774e-07, 1.42927e-07, 0.3, 0, 0.0500698, -0.0706767, 0.0453035, -0.0689714, 0.0409903, -0.0672742, 0.037087, -0.0655853, 0.0335545, -0.0639054, 0.0303576, -0.0622347, 0.0274643, -0.0605731, 0.0248456, -0.0589206, 0.0224754, -0.057277, 0.0203299, -0.0556418, 0.0183877, -0.0540144, 0.0166294, -0.0523942, 0.0150374, -0.0507803, 0.0135958, -0.0491717, 0.0122901, -0.0475672, 0.0111073, -0.0459655, 0.0100356, -0.0443653, 0.00906426, -0.0427649, 0.00818356, -0.0411626, 0.00738469, -0.0395566, 0.00665967, -0.0379449, 0.00600124, -0.0363253, 0.00540283, -0.0346955, 0.00485845, -0.0330531, 0.00436265, -0.0313955, 0.00391048, -0.0297199, 0.00349741, -0.0280234, 0.00311932, -0.0263029, 0.00277242, -0.0245552, 0.00245324, -0.0227767, 0.0021586, -0.020964, 0.00188554, -0.019113, 0.00163134, -0.0172199, 0.00139345, -0.0152804, 0.00116949, -0.01329, 0.000957234, -0.0112441, 0.000754547, -0.00913771, 0.000559406, -0.00696566, 0.000369858, -0.00472254, 0.000184009, -0.00240271
0.478827, -0.0222683, 0.0411569, 0.348462, -0.0690456, 0.0484618, -0.0690456, -0.0254891, -0.022268, 0.0411567, 0.504316, -3.57623e-07, 1.42927e-07, 0.3, 0, 0.0484618, -0.0690456, 0.0438487, -0.0674687, 0.0396739, -0.0658922, 0.035896, -0.0643169, 0.0324769, -0.0627436, 0.0293827, -0.0611728, 0.0265823, -0.0596051, 0.0240477, -0.0580406, 0.0217536, -0.0564794, 0.019677, -0.0549214, 0.0177972, -0.0533661, 0.0160954, -0.0518133, 0.0145545, -0.0502622, 0.0131591, -0.048712, 0.0118954, -0.0471619, 0.0107506, -0.0456108, 0.00971332, -0.0440573, 0.00877317, -0.0425001, 0.00792075, -0.0409377, 0.00714754, -0.0393683, 0.0064458, -0.0377901, 0.00580852, -0.0362011, 0.00522933, -0.034599, 0.00470243, -0.0329816, 0.00422255, -0.0313464, 0.0037849, -0.0296906, 0.00338509, -0.0280115, 0.00301914, -0.026306, 0.00268338, -0.0245709, 0.00237446, -0.0228029, 0.00208928, -0.0209983, 0.00182499, -0.0191534, 0.00157895, -0.0172642, 0.0013487, -0.0153265, 0.00113194, -0.0133358, 0.000926494, -0.0112874, 0.000730316, -0.00917655, 0.000541441, -0.00699794, 0.00035798, -0.00474618, 0.0001781, -0.0024156
0.494841, -0.0224056, 0.0408014, 0.346535, -0.06717, 0.0465349, -0.06717, -0.0244756, -0.0224053, 0.0408012, 0.519316, -3.55472e-07, 1.42927e-07, 0.3, 0, 0.0465349, -0.06717, 0.0421052, -0.0657285, 0.0380965, -0.0642796, 0.0344687, -0.0628245, 0.0311856, -0.0613644, 0.0282144, -0.0599003, 0.0255253, -0.0584328, 0.0230915, -0.0569627, 0.0208886, -0.0554901, 0.0188946, -0.0540153, 0.0170896, -0.0525382, 0.0154554, -0.0510587, 0.0139758, -0.0495763, 0.0126359, -0.0480905, 0.0114224, -0.0466005, 0.0103232, -0.0451056, 0.00932711, -0.0436045, 0.00842434, -0.0420962, 0.00760581, -0.0405792, 0.00686334, -0.039052, 0.00618951, -0.0375129, 0.00557757, -0.03596, 0.0050214, -0.0343911, 0.00451545, -0.0328043, 0.00405466, -0.0311969, 0.00363441, -0.0295665, 0.0032505, -0.0279104, 0.0028991, -0.0262255, 0.00257669, -0.0245088, 0.00228005, -0.022757, 0.0020062, -0.0209664, 0.00175242, -0.0191335, 0.00151617, -0.0172543, 0.00129507, -0.0153245, 0.00108693, -0.0133398, 0.000889655, -0.0112955, 0.000701278, -0.00918682, 0.000519913, -0.00700849, 0.000343747, -0.0047551, 0.000171018, -0.00242101
0.510722, -0.0225082, 0.040395, 0.344859, -0.065237, 0.0448586, -0.065237, -0.0235939, -0.0225078, 0.0403948, 0.534316, -3.53321e-07, 1.42927e-07, 0.3, 0, 0.0448586, -0.065237, 0.0405884, -0.0639301, 0.0367241, -0.0626083, 0.033227, -0.061273, 0.0300622, -0.0599259, 0.027198, -0.0585683, 0.0246058, -0.0572012, 0.0222597, -0.0558255, 0.0201362, -0.0544419, 0.018214, -0.0530508, 0.0164739, -0.0516523, 0.0148986, -0.0502467, 0.0134723, -0.0488337, 0.0121807, -0.047413, 0.011011, -0.0459841, 0.00995128, -0.0445464, 0.00899112, -0.0430989, 0.00812087, -0.0416406, 0.00733183, -0.0401702, 0.0066161, -0.0386865, 0.00596654, -0.0371878, 0.00537665, -0.0356725, 0.00484052, -0.0341385, 0.00435279, -0.0325837, 0.00390859, -0.031006, 0.00350348, -0.0294029, 0.00313341, -0.0277716, 0.00279466, -0.0261093, 0.00248387, -0.024413, 0.00219791, -0.0226795, 0.00193393, -0.0209053, 0.0016893, -0.0190868, 0.00146155, -0.0172199, 0.00124842, -0.0153007, 0.00104778, -0.0133247, 0.000857607, -0.0112874, 0.000676015, -0.00918378, 0.000501184, -0.00700882, 0.000331364, -0.00475706, 0.000164858, -0.00242286
0.526608, -0.0225764, 0.039924, 0.343175, -0.0631932, 0.0431749, -0.0631932, -0.0227083, -0.0225761, 0.0399239, 0.549316, -3.5117e-07, 1.42927e-07, 0.3, 0, 0.0431749, -0.0631932, 0.039065, -0.0620238, 0.0353457, -0.0608317, 0.0319799, -0.0596189, 0.0289339, -0.0583875, 0.0261772, -0.057139, 0.0236823, -0.0558749, 0.0214242, -0.0545963, 0.0193804, -0.0533042, 0.0175303, -0.0519993, 0.0158556, -0.0506821, 0.0143394, -0.0493529, 0.0129667, -0.0480119, 0.0117236, -0.0466588, 0.0105977, -0.0452935, 0.00957778, -0.0439154, 0.00865365, -0.0425239, 0.00781607, -0.0411181, 0.00705664, -0.039697, 0.00636778, -0.0382593, 0.0057426, -0.0368036, 0.00517484, -0.0353283, 0.00465884, -0.0338317, 0.00418942, -0.0323117, 0.00376189, -0.0307662, 0.00337199, -0.0291928, 0.0030158, -0.0275891, 0.00268977, -0.0259521, 0.00239064, -0.024279, 0.00211542, -0.0225666, 0.00186135, -0.0208116, 0.00162589, -0.0190102, 0.00140669, -0.0171588, 0.00120156, -0.0152531, 0.00100845, -0.0132889, 0.000825419, -0.0112617, 0.000650642, -0.00916651, 0.000482373, -0.00699831, 0.000318927, -0.00475167, 0.00015867, -0.00242097
0.542469, -0.0226571, 0.039505, 0.341537, -0.0612974, 0.0415372, -0.0612974, -0.021847, -0.0226568, 0.0395049, 0.564316, -3.49019e-07, 1.42927e-07, 0.3, 0, 0.0415372, -0.0612974, 0.0375832, -0.0602576, 0.034005, -0.0591878, 0.0307669, -0.0580906, 0.0278364, -0.0569681, 0.0251843, -0.0558223, 0.022784, -0.054655, 0.0206116, -0.0534677, 0.0186453, -0.0522616, 0.0168654, -0.0510376, 0.0152542, -0.0497966, 0.0137955, -0.0485391, 0.0124748, -0.0472654, 0.0112789, -0.0459757, 0.0101957, -0.0446698, 0.00921447, -0.0433474, 0.00832541, -0.0420081, 0.00751959, -0.0406512, 0.00678897, -0.0392757, 0.00612624, -0.0378807, 0.00552477, -0.0364648, 0.00497855, -0.0350265, 0.00448212, -0.0335643, 0.0040305, -0.0320762, 0.0036192, -0.0305602, 0.00324408, -0.029014, 0.00290141, -0.0274352, 0.00258774, -0.0258212, 0.00229996, -0.0241689, 0.00203518, -0.0224754, 0.00179074, -0.0207372, 0.00156422, -0.018951, 0.00135334, -0.0171128, 0.00115599, -0.0152187, 0.000970197, -0.0132643, 0.000794109, -0.0112453, 0.000625962, -0.00915659, 0.000464075, -0.00699327, 0.000306829, -0.0047499, 0.000152651, -0.00242088
0.558538, -0.0227386, 0.0391091, 0.339506, -0.0594856, 0.0395061, -0.0594856, -0.0207787, -0.0227383, 0.039109, 0.579316, -3.46868e-07, 1.42927e-07, 0.3, 0, 0.0395061, -0.0594856, 0.0357455, -0.0585702, 0.0323422, -0.0576178, 0.0292624, -0.0566314, 0.0264752, -0.0556134, 0.0239528, -0.0545662, 0.0216699, -0.0534918, 0.0196037, -0.0523921, 0.0177335, -0.0512684, 0.0160407, -0.050122, 0.0145083, -0.0489541, 0.013121, -0.0477652, 0.0118648, -0.0465561, 0.0107273, -0.0453269, 0.00969714, -0.0440779, 0.00876391, -0.0428088, 0.00791831, -0.0415195, 0.0071519, -0.0402093, 0.006457, -0.0388775, 0.00582668, -0.0375233, 0.00525462, -0.0361454, 0.00473511, -0.0347425, 0.00426295, -0.0333131, 0.00383342, -0.0318554, 0.00344223, -0.0303675, 0.00308545, -0.0288472, 0.00275953, -0.0272921, 0.00246121, -0.0256997, 0.0021875, -0.0240672, 0.00193566, -0.0223915, 0.00170318, -0.0206694, 0.00148773, -0.0188973, 0.00128716, -0.0170716, 0.00109946, -0.0151882, 0.000922756, -0.013243, 0.000755279, -0.0112314, 0.000595354, -0.00914864, 0.000441383, -0.00698963, 0.000291826, -0.00474903, 0.000145187, -0.00242122
0.574711, -0.0228243, 0.038759, 0.337275, -0.057831, 0.0372749, -0.057831, -0.0196052, -0.0228239, 0.0387589, 0.594316, -3.44717e-07, 1.42927e-07, 0.3, 0, 0.0372749, -0.057831, 0.0337267, -0.0570306, 0.0305156, -0.0561868, 0.0276098, -0.0553027, 0.02498, -0.0543812, 0.0226, -0.053425, 0.020446, -0.0524363, 0.0184965, -0.0514173, 0.016732, -0.0503696, 0.0151348, -0.0492947, 0.0136889, -0.048194, 0.0123799, -0.0470683, 0.0111947, -0.0459185, 0.0101215, -0.044745, 0.00914947, -0.0435482, 0.00826894, -0.0423281, 0.0074711, -0.0410845, 0.00674798, -0.0398171, 0.00609233, -0.0385253, 0.0054976, -0.0372082, 0.00495785, -0.035865, 0.00446768, -0.0344943, 0.00402219, -0.0330947, 0.00361692, -0.0316646, 0.00324782, -0.0302021, 0.00291119, -0.0287051, 0.00260368, -0.0271714, 0.00232221, -0.0255984, 0.00206395, -0.0239835, 0.00182634, -0.0223236, 0.00160699, -0.0206155, 0.00140371, -0.0188558, 0.00121446, -0.0170409, 0.00103737, -0.0151667, 0.000870641, -0.013229, 0.000712622, -0.0112235, 0.00056173, -0.00914528, 0.000416455, -0.00698934, 0.000275344, -0.00475031, 0.000136987, -0.00242259
0.590983, -0.0228958, 0.0383986, 0.334856, -0.0561919, 0.0348558, -0.0561919, -0.0183328, -0.0228954, 0.0383984, 0.609316, -3.42566e-07, 1.42927e-07, 0.3, 0, 0.0348558, -0.0561919, 0.0315378, -0.0555037, 0.0285352, -0.0547659, 0.0258179, -0.0539818, 0.0233588, -0.0531547, 0.0211333, -0.0522875, 0.0191191, -0.0513827, 0.0172961, -0.0504427, 0.0156461, -0.0494694, 0.0141525, -0.0484647, 0.0128005, -0.0474299, 0.0115765, -0.0463663, 0.0104682, -0.0452747, 0.00946462, -0.044156, 0.00855568, -0.0430106, 0.00773229, -0.0418387, 0.00698624, -0.0406402, 0.00631004, -0.0394151, 0.00569694, -0.0381628, 0.00514081, -0.0368826, 0.00463609, -0.0355738, 0.00417774, -0.0342351, 0.00376115, -0.0328652, 0.00338218, -0.0314626, 0.00303704, -0.0300256, 0.00272226, -0.0285521, 0.0024347, -0.02704, 0.0021715, -0.0254867, 0.00193, -0.0238897, 0.00170781, -0.022246, 0.0015027, -0.0205525, 0.00131261, -0.0188058, 0.00113565, -0.0170022, 0.000970042, -0.0151379, 0.000814137, -0.0132086, 0.000666374, -0.01121, 0.000525274, -0.00913731, 0.000389427, -0.00698545, 0.000257475, -0.0047491, 0.000128097, -0.00242269
0.607256, -0.0229716, 0.0380751, 0.332435, -0.0546758, 0.0324353, -0.0546758, -0.0170597, -0.0229712, 0.0380749, 0.624316, -3.40415e-07, 1.42927e-07, 0.3, 0, 0.0324353, -0.0546758, 0.0293477, -0.0540927, 0.0265536, -0.053454, 0.024025, -0.0527634, 0.0217367, -0.0520245, 0.0196657, -0.0512403, 0.0177914, -0.0504139, 0.016095, -0.0495477, 0.0145596, -0.0486439, 0.0131697, -0.0477045, 0.0119116, -0.0467312, 0.0107726, -0.0457254, 0.00974125, -0.0446881, 0.00880736, -0.0436203, 0.00796154, -0.0425227, 0.00719534, -0.0413955, 0.00650109, -0.040239, 0.00587185, -0.039053, 0.00530132, -0.0378373, 0.00478382, -0.0365913, 0.00431415, -0.0353142, 0.00388762, -0.034005, 0.00349997, -0.0326625, 0.00314731, -0.0312852, 0.00282613, -0.0298715, 0.00253322, -0.0284195, 0.00226563, -0.026927, 0.0020207, -0.0253916, 0.00179598, -0.0238108, 0.00158921, -0.0221817, 0.00139834, -0.0205012, 0.00122146, -0.018766, 0.00105678, -0.0169724, 0.000902679, -0.0151166, 0.000757601, -0.0131945, 0.000620098, -0.0112017, 0.000488797, -0.00913331, 0.000362384, -0.00698446, 0.000239595, -0.00474978, 0.000119201, -0.00242369
0.623576, -0.0230624, 0.0378154, 0.329926, -0.0533426, 0.0299264, -0.0533426, -0.0157401, -0.023062, 0.0378152, 0.639316, -3.38264e-07, 1.42927e-07, 0.3, 0, 0.0299264, -0.0533426, 0.0270777, -0.0528549, 0.0244997, -0.0523061, 0.0221667, -0.0517002, 0.0200553, -0.0510411, 0.0181446, -0.0503322, 0.0164152, -0.0495765, 0.0148501, -0.0487769, 0.0134334, -0.0479357, 0.012151, -0.0470551, 0.0109902, -0.046137, 0.00993929, -0.045183, 0.00898776, -0.0441943, 0.0081261, -0.0431721, 0.00734571, -0.042117, 0.00663877, -0.0410297, 0.00599822, -0.0399103, 0.00541766, -0.038759, 0.00489126, -0.0375756, 0.00441379, -0.0363595, 0.00398044, -0.0351102, 0.00358691, -0.0338268, 0.00322924, -0.032508, 0.00290387, -0.0311525, 0.00260753, -0.0297588, 0.00233727, -0.028325, 0.00209038, -0.026849, 0.0018644, -0.0253286, 0.00165706, -0.0237611, 0.00146629, -0.0221438, 0.00129018, -0.0204736, 0.00112698, -0.0187472, 0.000975041, -0.0169611, 0.000832856, -0.0151114, 0.000699, -0.013194, 0.000572133, -0.0112045, 0.000450988, -0.00913823, 0.000334353, -0.00699011, 0.000221062, -0.00475486, 0.000109981, -0.00242689
0.639887, -0.0231457, 0.0375618, 0.327434, -0.0520616, 0.0274342, -0.0520616, -0.0144293, -0.0231453, 0.0375617, 0.654316, -3.36112e-07, 1.42927e-07, 0.3, 0, 0.0274342, -0.0520616, 0.0248227, -0.051665, 0.0224594, -0.0512022, 0.0203207, -0.0506774, 0.0183852, -0.0500946, 0.0166335, -0.0494576, 0.0150482, -0.0487696, 0.0136134, -0.0480336, 0.0123147, -0.0472523, 0.0111391, -0.046428, 0.010075, -0.0455628, 0.00911156, -0.0446584, 0.00823927, -0.0437163, 0.00744937, -0.0427377, 0.00673397, -0.0417234, 0.0060859, -0.0406743, 0.0054987, -0.0395906, 0.00496648, -0.0384726, 0.00448393, -0.0373201, 0.00404621, -0.0361329, 0.00364896, -0.0349103, 0.0032882, -0.0336516, 0.00296031, -0.0323557, 0.00266204, -0.0310213, 0.00239038, -0.0296469, 0.00214262, -0.0282307, 0.0019163, -0.0267707, 0.00170913, -0.0252647, 0.00151906, -0.0237102, 0.00134418, -0.0221043, 0.00118274, -0.0204442, 0.00103312, -0.0187266, 0.000893841, -0.0169479, 0.000763497, -0.0151042, 0.000640788, -0.0131916, 0.000524487, -0.0112056, 0.000413431, -0.00914158, 0.000306509, -0.00699448, 0.000202652, -0.00475901, 0.000100822, -0.00242958
0.656133, -0.023214, 0.0372986, 0.325064, -0.0508025, 0.0250643, -0.0508025, -0.0131829, -0.0232136, 0.0372985, 0.669316, -3.33961e-07, 1.42927e-07, 0.3, 0, 0.0250643, -0.0508025, 0.0226784, -0.0504938, 0.0205193, -0.0501139, 0.0185653, -0.0496673, 0.016797, -0.0491583, 0.0151967, -0.0485908, 0.0137483, -0.0479683, 0.0124374, -0.047294, 0.0112509, -0.0465707, 0.0101769, -0.045801, 0.00920466, -0.0449871, 0.00832448, -0.0441309, 0.00752754, -0.043234, 0.00680587, -0.0422979, 0.00615227, -0.0413234, 0.00556019, -0.0403116, 0.00502371, -0.0392628, 0.00453746, -0.0381773, 0.00409659, -0.0370553, 0.00369669, -0.0358964, 0.00333375, -0.0347001, 0.00300415, -0.0334659, 0.00270459, -0.0321926, 0.00243208, -0.0308791, 0.00218389, -0.0295239, 0.00195754, -0.0281254, 0.00175076, -0.0266816, 0.00156149, -0.0251903, 0.00138784, -0.023649, 0.00122806, -0.0220551, 0.00108057, -0.0204055, 0.000943879, -0.0186972, 0.000816628, -0.0169264, 0.000697544, -0.0150896, 0.000585435, -0.0131825, 0.00047918, -0.011201, 0.000377717, -0.00914013, 0.000280032, -0.00699511, 0.000185147, -0.00476056, 9.21127e-05, -0.00243093
0.672281, -0.0232809, 0.0370559, 0.322883, -0.0496262, 0.0228831, -0.0496262, -0.0120356, -0.0232805, 0.0370558, 0.684316, -3.3181e-07, 1.42927e-07, 0.3, 0, 0.0228831, -0.0496262, 0.0207048, -0.0494001, 0.0187336, -0.049098, 0.0169497, -0.0487248, 0.0153352, -0.048285, 0.0138742, -0.0477827, 0.0125518, -0.0472215, 0.011355, -0.046605, 0.0102718, -0.0459361, 0.00929125, -0.0452176, 0.00840363, -0.0444518, 0.00760004, -0.0436408, 0.00687246, -0.0427863, 0.00621359, -0.0418899, 0.00561687, -0.0409527, 0.00507631, -0.0399757, 0.00458652, -0.0389595, 0.00414259, -0.0379046, 0.00374009, -0.0368109, 0.00337498, -0.0356785, 0.00304363, -0.0345069, 0.00274272, -0.0332954, 0.00246923, -0.0320433, 0.00222043, -0.0307493, 0.00199384, -0.029412, 0.00178718, -0.0280299, 0.0015984, -0.0266011, 0.0014256, -0.0251234, 0.00126706, -0.0235944, 0.00112119, -0.0220114, 0.000986532, -0.0203716, 0.000861738, -0.0186717, 0.000745561, -0.0169083, 0.00063684, -0.0150776, 0.000534487, -0.0131756, 0.00043748, -0.0111979, 0.000344847, -0.00913985, 0.000255662, -0.00699652, 0.000169034, -0.00476259, 8.40966e-05, -0.00243249
0.688248, -0.0233425, 0.0368208, 0.321043, -0.0484988, 0.0210433, -0.0484988, -0.011068, -0.0233422, 0.0368207, 0.699316, -3.29659e-07, 1.42927e-07, 0.3, 0, 0.0210433, -0.0484988, 0.0190402, -0.0483514, 0.0172274, -0.0481236, 0.0155869, -0.0478205, 0.0141023, -0.0474468, 0.0127587, -0.0470067, 0.0115427, -0.0465043, 0.0104421, -0.045943, 0.00944593, -0.0453261, 0.00854423, -0.0446565, 0.00772798, -0.0439366, 0.006989, -0.0431688, 0.00631991, -0.0423549, 0.00571402, -0.0414965, 0.00516527, -0.040595, 0.00466818, -0.0396514, 0.00421776, -0.0386664, 0.00380952, -0.0376407, 0.00343938, -0.0365742, 0.00310364, -0.0354672, 0.00279892, -0.0343191, 0.0025222, -0.0331296, 0.0022707, -0.0318977, 0.00204191, -0.0306224, 0.00183353, -0.0293024, 0.00164349, -0.0279362, 0.00146989, -0.0265218, 0.00131099, -0.0250572, 0.00116519, -0.02354, 0.00103105, -0.0219677, 0.000907215, -0.0203373, 0.000792454, -0.0186457, 0.000685618, -0.0168894, 0.000585638, -0.0150648, 0.000491515, -0.0131677, 0.000402306, -0.0111939, 0.000317121, -0.00913872, 0.000235107, -0.00699721, 0.000155444, -0.00476407, 7.73352e-05, -0.00243374
0.703998, -0.0233904, 0.0365744, 0.319618, -0.0473821, 0.0196175, -0.0473821, -0.0103181, -0.0233901, 0.0365742, 0.714316, -3.27508e-07, 1.42927e-07, 0.3, 0, 0.0196175, -0.0473821, 0.0177501, -0.0473111, 0.0160602, -0.0471555, 0.0145308, -0.0469204, 0.0131468, -0.0466109, 0.0118942, -0.0462314, 0.0107606, -0.045786, 0.00973459, -0.0452785, 0.00880593, -0.0447123, 0.00796532, -0.0440903, 0.00720437, -0.0434154, 0.00651546, -0.0426898, 0.00589171, -0.0419155, 0.00532687, -0.0410944, 0.0048153, -0.0402279, 0.00435189, -0.0393171, 0.00393199, -0.038363, 0.00355141, -0.0373659, 0.00320635, -0.0363264, 0.00289335, -0.0352445, 0.00260928, -0.0341199, 0.00235131, -0.0329522, 0.00211685, -0.0317405, 0.00190356, -0.030484, 0.0017093, -0.0291814, 0.00153214, -0.0278312, 0.0013703, -0.0264315, 0.00122216, -0.0249803, 0.00108624, -0.0234754, 0.000961189, -0.0219142, 0.000845747, -0.0202938, 0.000738762, -0.018611, 0.000639164, -0.0168626, 0.000545958, -0.0150447, 0.000458212, -0.0131534, 0.000375048, -0.0111844, 0.000295635, -0.009133, 0.000219177, -0.00699434, 0.000144912, -0.0047631, 7.20954e-05, -0.00243372
0.719597, -0.0234165, 0.0362976, 0.31848, -0.0462354, 0.0184799, -0.0462354, -0.00971973, -0.0234161, 0.0362974, 0.729316, -3.25357e-07, 1.42927e-07, 0.3, 0, 0.0184799, -0.0462354, 0.0167208, -0.0462399, 0.0151289, -0.0461557, 0.0136882, -0.0459881, 0.0123844, -0.0457423, 0.0112045, -0.045423, 0.0101366, -0.0450344, 0.0091701, -0.0445805, 0.00829528, -0.0440649, 0.00750342, -0.0434907, 0.0067866, -0.0428607, 0.00613764, -0.0421775, 0.00555006, -0.0414432, 0.00501797, -0.0406597, 0.00453607, -0.0398286, 0.00409953, -0.038951, 0.00370398, -0.0380281, 0.00334547, -0.0370605, 0.00302042, -0.0360485, 0.00272557, -0.0349924, 0.00245797, -0.033892, 0.00221496, -0.0327468, 0.0019941, -0.0315564, 0.00179317, -0.0303196, 0.00161018, -0.0290353, 0.00144329, -0.0277021, 0.00129084, -0.0263182, 0.00115129, -0.0248817, 0.00102325, -0.0233903, 0.000905451, -0.0218414, 0.000796703, -0.0202323, 0.000695922, -0.0185598, 0.0006021, -0.0168207, 0.000514299, -0.0150112, 0.000431641, -0.0131273, 0.0003533, -0.0111648, 0.000278491, -0.00911904, 0.000206467, -0.00698514, 0.000136509, -0.0047578, 6.79147e-05, -0.00243149
0.735032, -0.0234567, 0.0360807, 0.317652, -0.04526, 0.0176523, -0.04526, -0.00928442, -0.0234564, 0.0360805, 0.744316, -3.23206e-07, 1.42927e-07, 0.3, 0, 0.0176523, -0.04526, 0.0159719, -0.045331, 0.0144513, -0.0453096, 0.0130752, -0.0452013, 0.0118298, -0.0450114, 0.0107027, -0.0447448, 0.00968263, -0.044406, 0.0087594, -0.043999, 0.00792377, -0.0435275, 0.00716737, -0.0429949, 0.00648265, -0.0424041, 0.00586276, -0.0417577, 0.00530149, -0.041058, 0.00479323, -0.040307, 0.00433291, -0.0395064, 0.00391592, -0.0386575, 0.00353809, -0.0377614, 0.00319564, -0.0368189, 0.00288514, -0.0358305, 0.0026035, -0.0347963, 0.00234789, -0.0337163, 0.00211576, -0.0325903, 0.00190479, -0.0314175, 0.00171286, -0.0301972, 0.00153807, -0.0289281, 0.00137865, -0.0276089, 0.00123303, -0.0262379, 0.00109973, -0.0248132, 0.000977426, -0.0233326, 0.000864899, -0.0217934, 0.000761021, -0.0201931, 0.000664754, -0.0185285, 0.000575134, -0.0167963, 0.000491265, -0.0149927, 0.000412309, -0.013114, 0.000337477, -0.0111558, 0.000266018, -0.00911348, 0.000197221, -0.00698219, 0.000130395, -0.00475665, 6.4873e-05, -0.00243132
0.750312, -0.0234815, 0.0358462, 0.31712, -0.0442781, 0.0171196, -0.0442781, -0.00900425, -0.0234812, 0.0358461, 0.759316, -3.21055e-07, 1.42927e-07, 0.3, 0, 0.0171196, -0.0442781, 0.01549, -0.0444142, 0.0140152, -0.0444542, 0.0126806, -0.0444039, 0.0114728, -0.0442688, 0.0103797, -0.044054, 0.00939045, -0.043764, 0.00849508, -0.0434031, 0.00768466, -0.0429751, 0.00695109, -0.0424835, 0.00628703, -0.0419313, 0.00568584, -0.0413213, 0.00514151, -0.0406559, 0.00464859, -0.0399372, 0.00420216, -0.0391669, 0.00379776, -0.0383465, 0.00343132, -0.0374773, 0.00309921, -0.0365599, 0.00279808, -0.035595, 0.00252494, -0.034583, 0.00227704, -0.0335237, 0.00205192, -0.032417, 0.00184731, -0.0312623, 0.00166118, -0.0300588, 0.00149166, -0.0288054, 0.00133705, -0.0275007, 0.00119582, -0.0261432, 0.00106654, -0.0247309, 0.000947931, -0.0232617, 0.0008388, -0.0217331, 0.000738057, -0.0201423, 0.000644694, -0.0184864, 0.000557779, -0.016762, 0.000476441, -0.0149654, 0.000399868, -0.0130929, 0.000327293, -0.0111401, 0.000257991, -0.00910241, 0.000191269, -0.006975, 0.00012646, -0.00475259, 6.29154e-05, -0.00242966
0.765425, -0.0235207, 0.0356673, 0.316905, -0.0434503, 0.0169046, -0.0434503, -0.00889118, -0.0235204, 0.0356672, 0.774316, -3.18904e-07, 1.42927e-07, 0.3, 0, 0.0169046, -0.0434503, 0.0152954, -0.0436434, 0.0138392, -0.0437373, 0.0125214, -0.0437379, 0.0113287, -0.0436507, 0.0102494, -0.0434811, 0.00927252, -0.0432337, 0.0083884, -0.0429129, 0.00758816, -0.0425227, 0.0068638, -0.0420667, 0.00620808, -0.0415479, 0.00561444, -0.0409694, 0.00507694, -0.0403335, 0.00459022, -0.0396426, 0.00414939, -0.0388983, 0.00375006, -0.0381024, 0.00338823, -0.0372559, 0.00306029, -0.03636, 0.00276294, -0.0354151, 0.00249323, -0.0344216, 0.00224845, -0.0333797, 0.00202615, -0.0322892, 0.00182411, -0.0311494, 0.00164032, -0.0299598, 0.00147292, -0.0287191, 0.00132026, -0.0274263, 0.0011808, -0.0260795, 0.00105315, -0.0246771, 0.000936027, -0.0232168, 0.000828266, -0.0216962, 0.000728788, -0.0201127, 0.000636598, -0.0184631, 0.000550774, -0.0167443, 0.000470458, -0.0149526, 0.000394846, -0.0130841, 0.000323183, -0.0111346, 0.000254751, -0.00909945, 0.000188867, -0.00697386, 0.000124872, -0.00475255, 6.21253e-05, -0.00242999
0.780368, -0.0235517, 0.0354888, 0.317012, -0.0426557, 0.0170124, -0.0426557, -0.00894784, -0.0235514, 0.0354887, 0.789316, -3.16753e-07, 1.42927e-07, 0.3, 0, 0.0170124, -0.0426557, 0.0153929, -0.0429028, 0.0139274, -0.0430477, 0.0126011, -0.0430963, 0.0114009, -0.0430546, 0.0103147, -0.0429277, 0.00933161, -0.0427207, 0.00844185, -0.042438, 0.00763651, -0.0420837, 0.00690754, -0.0416614, 0.00624764, -0.0411744, 0.00565022, -0.0406258, 0.0051093, -0.0400181, 0.00461947, -0.0393536, 0.00417584, -0.0386342, 0.00377396, -0.0378615, 0.00340983, -0.0370369, 0.00307979, -0.0361614, 0.00278055, -0.0352356, 0.00250912, -0.0342601, 0.00226277, -0.0332349, 0.00203906, -0.0321598, 0.00183574, -0.0310346, 0.00165077, -0.0298583, 0.00148231, -0.0286301, 0.00132867, -0.0273487, 0.00118833, -0.0260126, 0.00105986, -0.0246198, 0.000941992, -0.0231683, 0.000833545, -0.0216558, 0.000733433, -0.0200795, 0.000640655, -0.0184364, 0.000554284, -0.0167233, 0.000473456, -0.0149366, 0.000397362, -0.0130724, 0.000325242, -0.0111265, 0.000256375, -0.0090943, 0.000190071, -0.00697098, 0.000125668, -0.00475128, 6.25212e-05, -0.00242969
0.795197, -0.0235936, 0.0353575, 0.317339, -0.0419969, 0.0173386, -0.0419969, -0.00911945, -0.0235933, 0.0353573, 0.804316, -3.14602e-07, 1.42927e-07, 0.3, 0, 0.0173386, -0.0419969, 0.0156881, -0.0422908, 0.0141945, -0.0424797, 0.0128428, -0.0425699, 0.0116196, -0.0425674, 0.0105125, -0.0424774, 0.00951059, -0.0423052, 0.00860376, -0.0420552, 0.00778298, -0.0417316, 0.00704002, -0.0413382, 0.00636747, -0.0408784, 0.00575859, -0.0403552, 0.00520729, -0.0397714, 0.00470807, -0.0391293, 0.00425593, -0.0384309, 0.00384634, -0.0376778, 0.00347523, -0.0368716, 0.00313886, -0.0360131, 0.00283388, -0.0351033, 0.00255724, -0.0341426, 0.00230617, -0.0331311, 0.00207817, -0.0320688, 0.00187094, -0.0309553, 0.00168243, -0.0297899, 0.00151074, -0.0285717, 0.00135416, -0.0272994, 0.00121112, -0.0259714, 0.00108019, -0.0245862, 0.000960059, -0.0231414, 0.000849532, -0.0216348, 0.0007475, -0.0200637, 0.000652943, -0.0184252, 0.000564915, -0.0167159, 0.000482537, -0.0149324, 0.000404983, -0.0130707, 0.00033148, -0.0111267, 0.000261292, -0.00909571, 0.000193716, -0.00697298, 0.000128078, -0.00475325, 6.37204e-05, -0.00243098
0.809823, -0.0236197, 0.0352021, 0.318048, -0.0413088, 0.0180484, -0.0413088, -0.00949274, -0.0236194, 0.0352019, 0.819316, -3.12451e-07, 1.42927e-07, 0.3, 0, 0.0180484, -0.0413088, 0.0163303, -0.0416493, 0.0147755, -0.0418823, 0.0133685, -0.0420141, 0.0120952, -0.0420508, 0.0109428, -0.0419978, 0.00989989, -0.0418605, 0.00895595, -0.0416434, 0.00810156, -0.0413508, 0.00732819, -0.0409866, 0.00662811, -0.0405543, 0.0059943, -0.040057, 0.00542044, -0.0394975, 0.00490079, -0.0388783, 0.00443014, -0.0382013, 0.00400379, -0.0374684, 0.00361748, -0.0366811, 0.00326734, -0.0358404, 0.00294988, -0.0349471, 0.00266192, -0.0340019, 0.00240057, -0.0330049, 0.00216323, -0.0319561, 0.00194753, -0.0308551, 0.0017513, -0.0297013, 0.00157258, -0.0284938, 0.00140959, -0.0272315, 0.00126069, -0.0259127, 0.0011244, -0.0245359, 0.000999357, -0.0230988, 0.000884306, -0.0215992, 0.000778097, -0.0200344, 0.00067967, -0.0184015, 0.000588039, -0.0166972, 0.000502288, -0.0149181, 0.000421561, -0.0130602, 0.000345049, -0.0111193, 0.000271987, -0.00909097, 0.000201646, -0.00697028, 0.000133321, -0.004752, 6.63287e-05, -0.00243064
0.824292, -0.0236419, 0.0350517, 0.319058, -0.0406544, 0.0190581, -0.0406544, -0.0100238, -0.0236416, 0.0350515, 0.834316, -3.103e-07, 1.42927e-07, 0.3, 0, 0.0190581, -0.0406544, 0.017244, -0.041039, 0.0156022, -0.0413136, 0.0141165, -0.0414846, 0.0127719, -0.0415584, 0.0115551, -0.0415404, 0.0104538, -0.041436, 0.00945702, -0.04125, 0.00855483, -0.0409868, 0.0077382, -0.0406502, 0.00699894, -0.0402439, 0.00632968, -0.0397712, 0.00572371, -0.0392347, 0.00517498, -0.0386371, 0.004678, -0.0379806, 0.00422779, -0.0372668, 0.00381987, -0.0364974, 0.00345015, -0.0356735, 0.00311492, -0.034796, 0.00281085, -0.0338655, 0.00253488, -0.0328822, 0.00228426, -0.0318463, 0.00205649, -0.0307572, 0.00184928, -0.0296146, 0.00166056, -0.0284174, 0.00148845, -0.0271646, 0.00133123, -0.0258546, 0.00118731, -0.0244858, 0.00105527, -0.0230562, 0.000933781, -0.0215633, 0.000821631, -0.0200046, 0.000717696, -0.0183772, 0.000620939, -0.0166779, 0.000530391, -0.0149031, 0.000445146, -0.0130489, 0.000364354, -0.0111113, 0.000287205, -0.00908558, 0.000212928, -0.00696701, 0.00014078, -0.00475035, 7.00396e-05, -0.00243007
0.838685, -0.0236647, 0.0349175, 0.320214, -0.0400591, 0.0202136, -0.0400591, -0.0106315, -0.0236644, 0.0349173, 0.849316, -3.08148e-07, 1.42927e-07, 0.3, 0, 0.0202136, -0.0400591, 0.0182894, -0.0404841, 0.0165481, -0.0407968, 0.0149723, -0.0410038, 0.0135462, -0.0411115, 0.0122556, -0.0411256, 0.0110875, -0.0410514, 0.0100304, -0.0408939, 0.00907347, -0.0406575, 0.00820733, -0.0403462, 0.00742325, -0.0399637, 0.00671341, -0.0395134, 0.00607071, -0.038998, 0.00548871, -0.0384202, 0.0049616, -0.0377822, 0.00448411, -0.0370859, 0.00405145, -0.0363329, 0.00365931, -0.0355243, 0.00330376, -0.0346611, 0.00298126, -0.033744, 0.00268856, -0.0327733, 0.00242275, -0.0317489, 0.00218116, -0.0306708, 0.00196139, -0.0295382, 0.00176124, -0.0283503, 0.00157869, -0.0271061, 0.00141193, -0.0258041, 0.00125929, -0.0244426, 0.00111925, -0.0230195, 0.000990392, -0.0215327, 0.000871442, -0.0199795, 0.000761207, -0.0183569, 0.000658583, -0.0166619, 0.000562546, -0.0148908, 0.000472134, -0.0130399, 0.000386443, -0.011105, 0.000304617, -0.00908158, 0.000225836, -0.00696475, 0.000149314, -0.00474932, 7.42858e-05, -0.0024298
0.853056, -0.0236757, 0.0347666, 0.32141, -0.0394463, 0.0214095, -0.0394463, -0.0112606, -0.0236754, 0.0347664, 0.864316, -3.05997e-07, 1.42927e-07, 0.3, 0, 0.0214095, -0.0394463, 0.0193715, -0.0399113, 0.0175272, -0.0402618, 0.0158581, -0.0405046, 0.0143477, -0.0406461, 0.0129807, -0.0406921, 0.0117435, -0.0406481, 0.0106238, -0.040519, 0.00961031, -0.0403094, 0.00869292, -0.0400235, 0.00786246, -0.0396649, 0.00711062, -0.0392371, 0.00642989, -0.0387429, 0.00581346, -0.0381851, 0.00525516, -0.037566, 0.00474941, -0.0368874, 0.00429116, -0.036151, 0.00387582, -0.0353581, 0.00349923, -0.0345096, 0.00315764, -0.0336063, 0.00284763, -0.0326485, 0.00256609, -0.0316363, 0.00231022, -0.0305694, 0.00207744, -0.0294474, 0.00186544, -0.0282695, 0.00167209, -0.0270344, 0.00149547, -0.025741, 0.0013338, -0.0243873, 0.00118547, -0.0229716, 0.00104899, -0.0214915, 0.000923002, -0.0199445, 0.000806244, -0.0183276, 0.000697549, -0.0166377, 0.000595829, -0.0148713, 0.000500068, -0.0130246, 0.000409307, -0.0110933, 0.000322639, -0.00907309, 0.000239198, -0.00695903, 0.000158149, -0.00474595, 7.8681e-05, -0.00242833
0.867127, -0.0236908, 0.0346385, 0.323175, -0.0389044, 0.0231746, -0.0389044, -0.012189, -0.0236905, 0.0346384, 0.879316, -3.03846e-07, 1.42927e-07, 0.3, 0, 0.0231746, -0.0389044, 0.0209686, -0.0394054, 0.0189722, -0.0397899, 0.0171656, -0.0400649, 0.0155306, -0.0402368, 0.0140509, -0.0403114, 0.0127117, -0.0402945, 0.0114997, -0.040191, 0.0104026, -0.0400055, 0.00940962, -0.0397422, 0.00851069, -0.039405, 0.00769686, -0.0389973, 0.00696001, -0.0385222, 0.00629275, -0.0379822, 0.00568842, -0.0373799, 0.00514098, -0.0367171, 0.00464495, -0.0359955, 0.00419536, -0.0352164, 0.00378773, -0.034381, 0.00341798, -0.0334899, 0.00308241, -0.0325435, 0.00277766, -0.031542, 0.00250068, -0.0304851, 0.00224872, -0.0293723, 0.00201924, -0.028203, 0.00180995, -0.0269759, 0.00161877, -0.0256898, 0.00144377, -0.024343, 0.0012832, -0.0229336, 0.00113547, -0.0214592, 0.0009991, -0.0199174, 0.000872716, -0.0183052, 0.000755059, -0.0166196, 0.000644953, -0.014857, 0.000541296, -0.0130136, 0.000443053, -0.0110852, 0.00034924, -0.00906744, 0.000258919, -0.00695542, 0.000171188, -0.00474395, 8.51679e-05, -0.00242754
0.881379, -0.0237058, 0.0345153, 0.324597, -0.0383808, 0.0245973, -0.0383808, -0.0129372, -0.0237055, 0.0345152, 0.894316, -3.01695e-07, 1.42927e-07, 0.3, 0, 0.0245973, -0.0383808, 0.0222558, -0.0389167, 0.0201369, -0.0393342, 0.0182193, -0.0396403, 0.016484, -0.0398416, 0.0149135, -0.039944, 0.0134921, -0.0399532, 0.0122056, -0.0398744, 0.0110412, -0.0397122, 0.00998725, -0.0394709, 0.00903314, -0.0391544, 0.00816935, -0.0387662, 0.00738727, -0.0383094, 0.00667905, -0.0377867, 0.00603762, -0.0372006, 0.00545657, -0.036553, 0.00493009, -0.0358457, 0.00445291, -0.0350801, 0.00402025, -0.0342573, 0.0036278, -0.033378, 0.00327163, -0.0324426, 0.00294817, -0.0314514, 0.00265419, -0.0304041, 0.00238676, -0.0293003, 0.00214319, -0.0281392, 0.00192106, -0.0269199, 0.00171814, -0.0256409, 0.0015324, -0.0243007, 0.00136198, -0.0228972, 0.00120518, -0.0214284, 0.00106043, -0.0198916, 0.00092629, -0.018284, 0.00080141, -0.0166024, 0.000684545, -0.0148434, 0.000574525, -0.0130032, 0.000470251, -0.0110776, 0.000370679, -0.00906216, 0.000274814, -0.00695206, 0.000181696, -0.00474211, 9.03962e-05, -0.00242682
0.895595, -0.023711, 0.0343745, 0.326087, -0.0378285, 0.0260873, -0.0378285, -0.0137209, -0.0237107, 0.0343744, 0.909316, -2.99544e-07, 1.42927e-07, 0.3, 0, 0.0260873, -0.0378285, 0.023604, -0.0383999, 0.0213567, -0.038851, 0.019323, -0.0391888, 0.0174826, -0.03942, 0.0158169, -0.0395508, 0.0143094, -0.0395869, 0.012945, -0.0395333, 0.0117101, -0.0393951, 0.0105923, -0.0391763, 0.00958035, -0.0388812, 0.00866424, -0.0385131, 0.00783477, -0.0380752, 0.00708365, -0.0375704, 0.00640337, -0.0370011, 0.00578712, -0.0363695, 0.00522875, -0.0356771, 0.00472266, -0.0349256, 0.00426379, -0.034116, 0.00384757, -0.0332492, 0.00346982, -0.0323255, 0.00312677, -0.0313452, 0.00281498, -0.0303082, 0.00253135, -0.029214, 0.00227303, -0.0280619, 0.00203744, -0.026851, 0.00182222, -0.0255799, 0.00162523, -0.0242469, 0.00144448, -0.0228503, 0.00127819, -0.0213877, 0.00112467, -0.0198567, 0.000982403, -0.0182544, 0.000849958, -0.0165777, 0.000726014, -0.0148232, 0.000609329, -0.012987, 0.000498738, -0.0110651, 0.000393134, -0.00905289, 0.000291461, -0.00694566, 0.000192703, -0.00473821, 9.58722e-05, -0.00242505
0.909879, -0.0237168, 0.03424, 0.327449, -0.037298, 0.0274494, -0.037298, -0.0144373, -0.0237165, 0.0342399, 0.924316, -2.97393e-07, 1.42927e-07, 0.3, 0, 0.0274494, -0.037298, 0.0248364, -0.0379036, 0.0224718, -0.038387, 0.0203319, -0.0387554, 0.0183953, -0.0390155, 0.0166427, -0.0391736, 0.0150565, -0.0392354, 0.0136209, -0.0392063, 0.0123215, -0.039091, 0.0111453, -0.038894, 0.0100805, -0.0386193, 0.00911661, -0.0382706, 0.00824384, -0.037851, 0.0074535, -0.0373634, 0.0067377, -0.0368103, 0.00608928, -0.0361939, 0.00550175, -0.035516, 0.00496923, -0.034778, 0.00448641, -0.0339811, 0.00404845, -0.0331262, 0.00365098, -0.0322137, 0.00329002, -0.0312439, 0.00296195, -0.0302168, 0.00266351, -0.0291318, 0.0023917, -0.0279884, 0.00214381, -0.0267855, 0.00191736, -0.0255219, 0.00171008, -0.0241959, 0.0015199, -0.0228058, 0.00134492, -0.0213492, 0.00118339, -0.0198237, 0.0010337, -0.0182265, 0.000894336, -0.0165545, 0.00076392, -0.0148042, 0.000641143, -0.0129718, 0.000524777, -0.0110533, 0.00041366, -0.00904424, 0.000306679, -0.00693971, 0.000202764, -0.00473459, 0.000100878, -0.00242341
0.924281, -0.0237271, 0.0341234, 0.328586, -0.0368177, 0.0285857, -0.0368177, -0.015035, -0.0237268, 0.0341232, 0.939316, -2.95242e-07, 1.42927e-07, 0.3, 0, 0.0285857, -0.0368177, 0.0258645, -0.0374548, 0.023402, -0.037968, 0.0211736, -0.0383646, 0.0191568, -0.0386514, 0.0173317, -0.0388346, 0.0156798, -0.0389202, 0.0141848, -0.0389134, 0.0128315, -0.0388193, 0.0116067, -0.0386423, 0.0104978, -0.0383864, 0.009494, -0.0380554, 0.00858509, -0.0376525, 0.00776204, -0.0371807, 0.00701661, -0.0366424, 0.00634135, -0.0360399, 0.00572949, -0.035375, 0.00517494, -0.0346493, 0.00467213, -0.033864, 0.00421604, -0.0330199, 0.00380211, -0.0321176, 0.00342621, -0.0311573, 0.00308457, -0.030139, 0.00277377, -0.0290623, 0.00249071, -0.0279266, 0.00223256, -0.0267308, 0.00199673, -0.0254739, 0.00178087, -0.024154, 0.00158282, -0.0227695, 0.0014006, -0.0213182, 0.00123238, -0.0197975, 0.00107649, -0.0182046, 0.000931357, -0.0165365, 0.000795543, -0.0147898, 0.000667683, -0.0129606, 0.000546501, -0.0110449, 0.000430784, -0.00903815, 0.000319374, -0.00693567, 0.000211158, -0.00473225, 0.000105054, -0.00242241
0.938842, -0.0237324, 0.0340029, 0.329422, -0.0363421, 0.0294218, -0.0363421, -0.0154747, -0.0237321, 0.0340028, 0.954316, -2.93091e-07, 1.42927e-07, 0.3, 0, 0.0294218, -0.0363421, 0.0266211, -0.0370098, 0.0240866, -0.0375521, 0.0217929, -0.0379761, 0.0197172, -0.0382887, 0.0178386, -0.0384965, 0.0161385, -0.0386052, 0.0145997, -0.0386203, 0.0132069, -0.0385468, 0.0119462, -0.0383893, 0.0108049, -0.0381518, 0.00977171, -0.0378381, 0.00883622, -0.0374516, 0.00798909, -0.0369951, 0.00722186, -0.0364714, 0.00652684, -0.0358826, 0.00589709, -0.0352306, 0.00532631, -0.0345171, 0.00480879, -0.0337431, 0.00433937, -0.0329097, 0.00391333, -0.0320175, 0.00352643, -0.0310666, 0.00317479, -0.0300571, 0.00285491, -0.0289887, 0.00256357, -0.0278607, 0.00229786, -0.0266722, 0.00205514, -0.025422, 0.00183296, -0.0241084, 0.00162912, -0.0227297, 0.00144157, -0.0212837, 0.00126843, -0.019768, 0.00110797, -0.0181797, 0.000958601, -0.0165157, 0.000818813, -0.0147728, 0.000687214, -0.012947, 0.000562487, -0.0110344, 0.000443385, -0.00903043, 0.000328716, -0.00693037, 0.000217335, -0.00472903, 0.000108127, -0.00242096
0.953483, -0.0237398, 0.0339001, 0.330103, -0.0359249, 0.0301029, -0.0359249, -0.0158329, -0.0237395, 0.0339, 0.969316, -2.9094e-07, 1.42927e-07, 0.3, 0, 0.0301029, -0.0359249, 0.0272373, -0.0366199, 0.0246441, -0.0371879, 0.0222974, -0.0376362, 0.0201736, -0.0379718, 0.0182515, -0.0382013, 0.016512, -0.0383305, 0.0149376, -0.038365, 0.0135126, -0.0383098, 0.0122227, -0.0381695, 0.011055, -0.0379483, 0.00999789, -0.0376499, 0.00904075, -0.0372779, 0.00817402, -0.036835, 0.00738902, -0.0363241, 0.00667791, -0.0357474, 0.00603359, -0.0351068, 0.0054496, -0.0344039, 0.0049201, -0.0336399, 0.00443981, -0.0328159, 0.00400391, -0.0319325, 0.00360806, -0.0309899, 0.00324828, -0.0299881, 0.00292099, -0.0289269, 0.0026229, -0.0278056, 0.00235105, -0.0266234, 0.00210271, -0.0253789, 0.00187539, -0.0240708, 0.00166683, -0.022697, 0.00147493, -0.0212556, 0.00129779, -0.0197441, 0.00113362, -0.0181597, 0.000980789, -0.0164992, 0.000837766, -0.0147594, 0.000703121, -0.0129365, 0.000575507, -0.0110264, 0.000453647, -0.00902464, 0.000336325, -0.00692646, 0.000222365, -0.00472672, 0.000110629, -0.00241995
0.968178, -0.0237463, 0.0338021, 0.330683, -0.0355294, 0.0306829, -0.0355294, -0.016138, -0.023746, 0.0338019, 0.984316, -2.88789e-07, 1.42927e-07, 0.3, 0, 0.0306829, -0.0355294, 0.0277621, -0.0362502, 0.025119, -0.0368425, 0.022727, -0.0373138, 0.0205623, -0.0376712, 0.0186032, -0.0379212, 0.0168302, -0.0380698, 0.0152254, -0.0381226, 0.0137729, -0.0380847, 0.0124582, -0.0379607, 0.011268, -0.0377549, 0.0101905, -0.0374711, 0.00921495, -0.0371127, 0.00833151, -0.0366828, 0.00753139, -0.036184, 0.00680659, -0.0356187, 0.00614984, -0.0349888, 0.0055546, -0.034296, 0.0050149, -0.0335415, 0.00452536, -0.0327264, 0.00408106, -0.0318513, 0.00367758, -0.0309166, 0.00331087, -0.0299221, 0.00297727, -0.0288678, 0.00267344, -0.0277529, 0.00239635, -0.0265766, 0.00214322, -0.0253377, 0.00191153, -0.0240346, 0.00169894, -0.0226656, 0.00150335, -0.0212286, 0.00132279, -0.0197211, 0.00115546, -0.0181403, 0.000999687, -0.0164833, 0.000853909, -0.0147465, 0.000716669, -0.0129263, 0.000586596, -0.0110186, 0.000462388, -0.00901895, 0.000342805, -0.00692262, 0.00022665, -0.00472443, 0.000112761, -0.00241895
0.982898, -0.0237417, 0.0336803, 0.331215, -0.0350872, 0.0312152, -0.0350872, -0.016418, -0.0237414, 0.0336801, 0.999316, -2.86638e-07, 1.42927e-07, 0.3, 0, 0.0312152, -0.0350872, 0.0282438, -0.0358352, 0.0255548, -0.0364534, 0.0231213, -0.0369492, 0.020919, -0.0373298, 0.018926, -0.0376018, 0.0171222, -0.0377712, 0.0154896, -0.0378436, 0.0140119, -0.0378243, 0.0126743, -0.0377179, 0.0114635, -0.0375287, 0.0103673, -0.0372606, 0.00937483, -0.0369171, 0.00847607, -0.0365013, 0.00766206, -0.0360158, 0.00692468, -0.035463, 0.00625654, -0.034845, 0.00565097, -0.0341634, 0.00510191, -0.0334195, 0.00460387, -0.0326144, 0.00415187, -0.0317487, 0.00374138, -0.0308227, 0.00336831, -0.0298367, 0.00302893, -0.0287902, 0.00271983, -0.0276827, 0.00243793, -0.0265133, 0.00218041, -0.025281, 0.00194469, -0.0239841, 0.00172842, -0.0226208, 0.00152944, -0.0211892, 0.00134574, -0.0196867, 0.00117551, -0.0181107, 0.00101703, -0.016458, 0.000868724, -0.0147254, 0.000729103, -0.012909, 0.000596773, -0.0110048, 0.000470411, -0.00900844, 0.000348753, -0.00691511, 0.000230582, -0.00471967, 0.000114718, -0.00241668
0.997754, -0.0237196, 0.0335163, 0.331489, -0.0345537, 0.0314894, -0.0345537, -0.0165622, -0.0237193, 0.0335162, 1.01432, -2.84487e-07, 1.42927e-07, 0.3, 0, 0.0314894, -0.0345537, 0.0284918, -0.0353326, 0.0257792, -0.0359801, 0.0233244, -0.0365037, 0.0211028, -0.0369107, 0.0190922, -0.0372077, 0.0172725, -0.0374009, 0.0156256, -0.0374959, 0.014135, -0.037498, 0.0127857, -0.0374119, 0.0115642, -0.037242, 0.0104584, -0.0369922, 0.00945716, -0.036666, 0.0085505, -0.0362666, 0.00772935, -0.0357967, 0.00698549, -0.0352588, 0.00631149, -0.0346549, 0.0057006, -0.0339866, 0.00514672, -0.0332554, 0.0046443, -0.0324623, 0.00418833, -0.031608, 0.00377424, -0.030693, 0.00339789, -0.0297172, 0.00305553, -0.0286805, 0.00274371, -0.0275823, 0.00245934, -0.0264218, 0.00219956, -0.0251978, 0.00196177, -0.0239089, 0.0017436, -0.0225533, 0.00154287, -0.0211289, 0.00135756, -0.0196333, 0.00118583, -0.0180638, 0.00102596, -0.0164174, 0.000876353, -0.0146907, 0.000735506, -0.0128799, 0.000602014, -0.0109812, 0.000474542, -0.00898997, 0.000351816, -0.00690157, 0.000232607, -0.00471084, 0.000115725, -0.00241237
1.01278, -0.0237187, 0.0334066, 0.331435, -0.0341428, 0.0314346, -0.0341428, -0.0165334, -0.0237184, 0.0334065, 1.02932, -2.82336e-07, 1.42927e-07, 0.3, 0, 0.0314346, -0.0341428, 0.0284423, -0.0349475, 0.0257343, -0.0356195, 0.0232838, -0.0361662, 0.021066, -0.036595, 0.019059, -0.0369127, 0.0172425, -0.0371254, 0.0155984, -0.037239, 0.0141104, -0.0372585, 0.0127634, -0.037189, 0.0115441, -0.0370347, 0.0104402, -0.0367997, 0.00944071, -0.0364874, 0.00853563, -0.0361012, 0.00771591, -0.0356438, 0.00697334, -0.0351175, 0.00630051, -0.0345247, 0.00569068, -0.0338668, 0.00513776, -0.0331455, 0.00463622, -0.0323616, 0.00418104, -0.0315161, 0.00376767, -0.0306092, 0.00339198, -0.0296411, 0.00305021, -0.0286117, 0.00273894, -0.0275203, 0.00245506, -0.0263662, 0.00219573, -0.0251482, 0.00195836, -0.0238648, 0.00174057, -0.0225144, 0.00154018, -0.0210949, 0.0013552, -0.0196039, 0.00118377, -0.0180386, 0.00102418, -0.0163961, 0.000874829, -0.014673, 0.000734226, -0.0128656, 0.000600967, -0.0109698, 0.000473717, -0.0089814, 0.000351204, -0.00689551, 0.000232203, -0.00470705, 0.000115524, -0.00241059
1.02816, -0.0237185, 0.0333062, 0.330716, -0.0337643, 0.0307157, -0.0337643, -0.0161553, -0.0237182, 0.0333061, 1.04432, -2.80184e-07, 1.42927e-07, 0.3, 0, 0.0307157, -0.0337643, 0.0277918, -0.0345929, 0.0251458, -0.0352874, 0.0227513, -0.0358555, 0.0205843, -0.0363045, 0.0186231, -0.0366413, 0.0168482, -0.0368721, 0.0152417, -0.0370027, 0.0137877, -0.0370384, 0.0124715, -0.0369841, 0.0112801, -0.0368443, 0.0102014, -0.0366229, 0.00922481, -0.0363235, 0.00834043, -0.0359494, 0.00753945, -0.0355034, 0.00681387, -0.034988, 0.00615642, -0.0344053, 0.00556054, -0.0337571, 0.00502027, -0.0330448, 0.0045302, -0.0322695, 0.00408543, -0.031432, 0.00368151, -0.0305326, 0.00331441, -0.0295717, 0.00298045, -0.0285489, 0.0026763, -0.0274637, 0.00239891, -0.0263155, 0.00214551, -0.025103, 0.00191357, -0.0238248, 0.00170076, -0.0224792, 0.00150496, -0.0210641, 0.00132421, -0.0195772, 0.0011567, -0.0180158, 0.00100076, -0.0163768, 0.000854822, -0.014657, 0.000717435, -0.0128526, 0.000587223, -0.0109596, 0.000462883, -0.00897372, 0.000343172, -0.0068901, 0.000226892, -0.00470367, 0.000112882, -0.00240901
1.0437, -0.0237107, 0.0331941, 0.32969, -0.033371, 0.0296905, -0.033371, -0.015616, -0.0237105, 0.033194, 1.05932, -2.78033e-07, 1.42927e-07, 0.3, 0, 0.0296905, -0.033371, 0.0268642, -0.0342234, 0.0243065, -0.0349405, 0.0219919, -0.0355299, 0.0198972, -0.0359993, 0.0180015, -0.0363552, 0.0162858, -0.0366042, 0.014733, -0.0367521, 0.0133275, -0.0368041, 0.0120552, -0.0367653, 0.0109036, -0.03664, 0.00986092, -0.0364325, 0.00891689, -0.0361462, 0.00806203, -0.0357845, 0.00728779, -0.0353502, 0.00658643, -0.0348459, 0.00595093, -0.0342737, 0.00537494, -0.0336354, 0.0048527, -0.0329325, 0.00437898, -0.0321661, 0.00394906, -0.0313369, 0.00355863, -0.0304455, 0.00320378, -0.029492, 0.00288097, -0.0284763, 0.00258697, -0.0273978, 0.00231884, -0.0262559, 0.0020739, -0.0250493, 0.0018497, -0.0237767, 0.00164399, -0.0224363, 0.00145473, -0.0210262, 0.00128001, -0.019544, 0.00111809, -0.017987, 0.000967353, -0.0163521, 0.000826289, -0.0146362, 0.000693488, -0.0128354, 0.000567622, -0.0109458, 0.000447433, -0.00896309, 0.000331717, -0.00688243, 0.000219319, -0.00469875, 0.000109114, -0.00240665
1.05934, -0.0237105, 0.0331057, 0.328479, -0.0330379, 0.0284787, -0.0330379, -0.0149787, -0.0237102, 0.0331055, 1.07432, -2.75882e-07, 1.42927e-07, 0.3, 0, 0.0284787, -0.0330379, 0.0257678, -0.0339112, 0.0233145, -0.0346481, 0.0210944, -0.0352564, 0.0190852, -0.0357435, 0.0172668, -0.0361163, 0.0156212, -0.0363812, 0.0141317, -0.036544, 0.0127836, -0.0366103, 0.0115632, -0.0365849, 0.0104586, -0.0364723, 0.00945849, -0.0362768, 0.00855298, -0.0360018, 0.00773301, -0.0356508, 0.00699037, -0.0352266, 0.00631763, -0.0347318, 0.00570806, -0.0341686, 0.00515558, -0.0335388, 0.00465465, -0.0328438, 0.00420027, -0.0320849, 0.00378789, -0.0312628, 0.00341339, -0.030378, 0.00307303, -0.0294308, 0.00276339, -0.0284209, 0.00248139, -0.027348, 0.00222421, -0.0262111, 0.00198926, -0.0250094, 0.00177421, -0.0237413, 0.0015769, -0.0224052, 0.00139536, -0.020999, 0.00122777, -0.0195204, 0.00107246, -0.0179668, 0.000927874, -0.0163351, 0.000792567, -0.014622, 0.000665186, -0.012824, 0.000544457, -0.0109368, 0.000429172, -0.00895629, 0.000318179, -0.00687764, 0.000210368, -0.00469576, 0.000104661, -0.00240525
1.07513, -0.0237148, 0.03303, 0.326977, -0.0327351, 0.0269773, -0.0327351, -0.014189, -0.0237146, 0.0330299, 1.08932, -2.73731e-07, 1.42927e-07, 0.3, 0, 0.0269773, -0.0327351, 0.0244093, -0.0336281, 0.0220853, -0.0343836, 0.0199822, -0.0350094, 0.018079, -0.0355131, 0.0163565, -0.0359016, 0.0147976, -0.0361812, 0.0133866, -0.0363581, 0.0121096, -0.0364375, 0.0109536, -0.0364246, 0.00990717, -0.0363238, 0.00895981, -0.0361393, 0.00810205, -0.0358748, 0.00732531, -0.0355336, 0.00662182, -0.0351187, 0.00598455, -0.0346327, 0.00540712, -0.0340777, 0.00488377, -0.0334556, 0.00440925, -0.0327679, 0.00397882, -0.0320158, 0.00358819, -0.0312001, 0.00323343, -0.0303213, 0.00291101, -0.0293797, 0.0026177, -0.0283751, 0.00235057, -0.027307, 0.00210694, -0.0261748, 0.00188438, -0.0249773, 0.00168067, -0.0237131, 0.00149376, -0.0223807, 0.00132179, -0.0209779, 0.00116304, -0.0195024, 0.00101592, -0.0179516, 0.000878954, -0.0163225, 0.000750781, -0.0146118, 0.000630116, -0.0128158, 0.000515752, -0.0109306, 0.000406545, -0.00895173, 0.000301404, -0.00687453, 0.000199277, -0.0046939, 9.91428e-05, -0.00240442
1.09101, -0.0237061, 0.0329244, 0.325307, -0.03237, 0.0253066, -0.03237, -0.0133103, -0.0237058, 0.0329242, 1.10432, -2.7158e-07, 1.42927e-07, 0.3, 0, 0.0253066, -0.03237, 0.0228976, -0.0332849, 0.0207176, -0.0340612, 0.0187447, -0.0347067, 0.0169593, -0.0352291, 0.0153435, -0.0356352, 0.0138812, -0.0359317, 0.0125576, -0.0361244, 0.0113596, -0.0362189, 0.0102752, -0.0362202, 0.00929362, -0.0361329, 0.00840493, -0.0359612, 0.00760029, -0.0357088, 0.00687165, -0.0353791, 0.00621173, -0.0349751, 0.00561392, -0.0344993, 0.00507226, -0.033954, 0.00458131, -0.0333411, 0.00413618, -0.0326621, 0.00373241, -0.0319182, 0.00336597, -0.0311103, 0.00303318, -0.0302389, 0.00273073, -0.0293042, 0.00245559, -0.0283062, 0.002205, -0.0272444, 0.00197646, -0.026118, 0.00176768, -0.0249261, 0.00157658, -0.0236672, 0.00140125, -0.0223396, 0.00123993, -0.0209415, 0.00109101, -0.0194705, 0.000953001, -0.0179238, 0.00082452, -0.0162986, 0.000704285, -0.0145916, 0.000591093, -0.0127991, 0.000483811, -0.0109171, 0.000381368, -0.00894133, 0.000282738, -0.006867, 0.000186936, -0.00468905, 9.30029e-05, -0.00240208
1.10695, -0.0236911, 0.0328076, 0.323503, -0.0319871, 0.0235031, -0.0319871, -0.0123617, -0.0236909, 0.0328075, 1.11932, -2.69429e-07, 1.42927e-07, 0.3, 0, 0.0235031, -0.0319871, 0.0212658, -0.0329243, 0.0192411, -0.0337217, 0.0174089, -0.0343873, 0.0157507, -0.0349287, 0.0142501, -0.0353529, 0.0128919, -0.0356665, 0.0116627, -0.0358755, 0.0105501, -0.0359854, 0.00954298, -0.0360013, 0.00863131, -0.0359279, 0.00780595, -0.0357694, 0.00705865, -0.0355294, 0.00638194, -0.0352116, 0.00576905, -0.0348188, 0.00521384, -0.0343537, 0.00471078, -0.0338185, 0.00425482, -0.0332152, 0.00384142, -0.0325453, 0.00346642, -0.03181, 0.00312609, -0.0310103, 0.00281702, -0.0301467, 0.00253612, -0.0292194, 0.00228059, -0.0282284, 0.00204786, -0.0271732, 0.0018356, -0.0260531, 0.00164171, -0.0248672, 0.00146423, -0.023614, 0.00130139, -0.0222919, 0.00115157, -0.0208989, 0.00101326, -0.0194327, 0.000885085, -0.0178908, 0.00076576, -0.01627, 0.000654094, -0.0145672, 0.000548968, -0.0127787, 0.000449332, -0.0109005, 0.000354189, -0.00892839, 0.000262589, -0.00685753, 0.000173614, -0.00468288, 8.6375e-05, -0.00239907
1.123, -0.0236762, 0.0326939, 0.32152, -0.0316154, 0.0215196, -0.0316154, -0.0113185, -0.023676, 0.0326938, 1.13432, -2.67278e-07, 1.42927e-07, 0.3, 0, 0.0215196, -0.0316154, 0.0194711, -0.0325742, 0.0176173, -0.0333921, 0.0159397, -0.0340771, 0.0144214, -0.0346369, 0.0130474, -0.0350787, 0.0118039, -0.0354088, 0.0106784, -0.0356336, 0.00965971, -0.0357584, 0.0087376, -0.0357885, 0.00790287, -0.0357286, 0.00714717, -0.0355828, 0.00646294, -0.035355, 0.00584334, -0.0350486, 0.00528217, -0.0346667, 0.00477382, -0.0342119, 0.00431322, -0.0336865, 0.00389574, -0.0330925, 0.00351722, -0.0324315, 0.00317387, -0.0317046, 0.00286227, -0.0309129, 0.00257928, -0.0300568, 0.00232209, -0.0291367, 0.00208812, -0.0281525, 0.00187503, -0.0271037, 0.00168069, -0.0259898, 0.00150316, -0.0248097, 0.00134066, -0.0235621, 0.00119156, -0.0222452, 0.00105438, -0.0208573, 0.000927746, -0.0193959, 0.000810388, -0.0178584, 0.000701134, -0.016242, 0.000598892, -0.0145433, 0.000502638, -0.0127587, 0.000411411, -0.0108843, 0.000324298, -0.0089157, 0.000240428, -0.00684823, 0.000158962, -0.00467683, 7.90854e-05, -0.00239612
1.13913, -0.0236623, 0.032587, 0.319367, -0.0312656, 0.0193672, -0.0312656, -0.0101864, -0.023662, 0.0325869, 1.14932, -2.65127e-07, 1.42927e-07, 0.3, 0, 0.0193672, -0.0312656, 0.0175236, -0.0322447, 0.0158552, -0.0330819, 0.0143454, -0.0337852, 0.012979, -0.0343624, 0.0117425, -0.0348206, 0.0106233, -0.0351664, 0.00961038, -0.035406, 0.00869357, -0.0355449, 0.00786369, -0.0355884, 0.00711244, -0.0355411, 0.00643232, -0.0354073, 0.00581653, -0.0351909, 0.0052589, -0.0348953, 0.00475386, -0.0345237, 0.00429636, -0.0340786, 0.00388182, -0.0335625, 0.0035061, -0.0329772, 0.00316544, -0.0323245, 0.00285643, -0.0316055, 0.00257599, -0.0308212, 0.00232131, -0.0299723, 0.00208984, -0.0290589, 0.00187927, -0.0280811, 0.00168749, -0.0270385, 0.00151259, -0.0259303, 0.00135281, -0.0247557, 0.00120657, -0.0235133, 0.00107238, -0.0222014, 0.000948925, -0.0208182, 0.000834955, -0.0193613, 0.000729335, -0.0178281, 0.000631009, -0.0162157, 0.000538992, -0.0145209, 0.000452365, -0.01274, 0.000370263, -0.0108691, 0.000291862, -0.00890379, 0.000216381, -0.00683951, 0.000143063, -0.00467115, 7.11755e-05, -0.00239334
1.15533, -0.0236564, 0.0325064, 0.31708, -0.030984, 0.0170803, -0.030984, -0.00898356, -0.0236561, 0.0325062, 1.16432, -2.62976e-07, 1.42927e-07, 0.3, 0, 0.0170803, -0.030984, 0.0154544, -0.0319801, 0.013983, -0.0328334, 0.0126515, -0.033552, 0.0114464, -0.0341437, 0.0103559, -0.0346156, 0.00936887, -0.0349744, 0.00847556, -0.0352263, 0.007667, -0.0353769, 0.00693512, -0.0354314, 0.00627258, -0.0353945, 0.00567277, -0.0352706, 0.00512969, -0.0350636, 0.00463791, -0.0347769, 0.00419251, -0.0344136, 0.00378903, -0.0339765, 0.00342344, -0.0334679, 0.00309209, -0.0328897, 0.00279165, -0.0322437, 0.00251913, -0.0315311, 0.00227181, -0.0307528, 0.0020472, -0.0299095, 0.00184306, -0.0290015, 0.00165736, -0.0280288, 0.00148823, -0.0269909, 0.00133398, -0.0258873, 0.00119307, -0.0247169, 0.00106409, -0.0234785, 0.000945753, -0.0221704, 0.000836872, -0.0207908, 0.000736361, -0.0193372, 0.000643213, -0.0178072, 0.000556497, -0.0161978, 0.000475346, -0.0145057, 0.000398949, -0.0127275, 0.000326541, -0.010859, 0.000257398, -0.00889605, 0.00019083, -0.00683392, 0.000126169, -0.00466756, 6.27708e-05, -0.00239161
1.17157, -0.0236497, 0.0324306, 0.314733, -0.0307237, 0.0147327, -0.0307237, -0.00774882, -0.0236494, 0.0324305, 1.17932, -2.60825e-07, 1.42927e-07, 0.3, 0, 0.0147327, -0.0307237, 0.0133302, -0.0317354, 0.0120611, -0.0326035, 0.0109126, -0.0333361, 0.00987318, -0.033941, 0.00893251, -0.0344255, 0.00808117, -0.0347962, 0.00731064, -0.0350594, 0.00661322, -0.0352207, 0.00598192, -0.0352853, 0.00541045, -0.0352581, 0.00489308, -0.0351433, 0.00442465, -0.0349449, 0.00400046, -0.0346663, 0.00361627, -0.0343108, 0.00326825, -0.033881, 0.00295291, -0.0333793, 0.0026671, -0.0328077, 0.00240795, -0.0321678, 0.00217289, -0.0314611, 0.00195956, -0.0306884, 0.00176582, -0.0298503, 0.00158975, -0.0289473, 0.00142956, -0.0279793, 0.00128368, -0.0269459, 0.00115063, -0.0258464, 0.00102909, -0.02468, 0.000917837, -0.0234454, 0.000815764, -0.0221409, 0.000721849, -0.0207645, 0.000635152, -0.0193141, 0.000554807, -0.0177871, 0.00048001, -0.0161805, 0.000410012, -0.0144911, 0.000344115, -0.0127153, 0.00028166, -0.0108492, 0.00022202, -0.00888848, 0.000164601, -0.00682843, 0.000108828, -0.00466402, 5.41433e-05, -0.0023899
1.18779, -0.0236471, 0.0323697, 0.312412, -0.0305039, 0.0124122, -0.0305039, -0.00652831, -0.0236469, 0.0323696, 1.19432, -2.58674e-07, 1.42927e-07, 0.3, 0, 0.0124122, -0.0305039, 0.0112306, -0.0315291, 0.0101614, -0.03241, 0.00919375, -0.0331548, 0.00831807, -0.0337712, 0.00752556, -0.0342666, 0.00680831, -0.0346476, 0.00615915, -0.0349205, 0.00557157, -0.035091, 0.00503972, -0.0351644, 0.00455826, -0.0351454, 0.00412238, -0.0350384, 0.00372773, -0.0348474, 0.00337035, -0.0345758, 0.00304668, -0.0342269, 0.00275347, -0.0338033, 0.0024878, -0.0333075, 0.002247, -0.0327414, 0.00202868, -0.0321069, 0.00183064, -0.0314051, 0.00165091, -0.030637, 0.00148769, -0.0298034, 0.00133935, -0.0289045, 0.0012044, -0.0279404, 0.00108149, -0.0269107, 0.000969396, -0.0258147, 0.000866998, -0.0246516, 0.00077327, -0.02342, 0.000687274, -0.0221183, 0.000608151, -0.0207447, 0.00053511, -0.0192968, 0.00046742, -0.0177722, 0.000404404, -0.0161678, 0.000345432, -0.0144805, 0.000289914, -0.0127066, 0.000237296, -0.0108423, 0.00018705, -0.00888315, 0.000138675, -0.00682462, 9.16867e-05, -0.0046616, 4.56153e-05, -0.00238875
1.20386, -0.0236472, 0.0323189, 0.310377, -0.0303115, 0.0103765, -0.0303115, -0.00545763, -0.0236469, 0.0323187, 1.20932, -2.56523e-07, 1.42927e-07, 0.3, 0, 0.0103765, -0.0303115, 0.00938874, -0.0313489, 0.00849486, -0.0322413, 0.00768593, -0.0329969, 0.00695386, -0.0336236, 0.00629133, -0.0341287, 0.00569172, -0.0345189, 0.00514902, -0.0348005, 0.00465781, -0.0349793, 0.00421318, -0.0350604, 0.00381068, -0.0350487, 0.00344629, -0.0349487, 0.00311636, -0.0347642, 0.00281759, -0.0344988, 0.00254701, -0.0341557, 0.00230189, -0.0337376, 0.00207979, -0.033247, 0.00187848, -0.0326858, 0.00169597, -0.0320559, 0.00153041, -0.0313584, 0.00138015, -0.0305944, 0.0012437, -0.0297647, 0.00111969, -0.0288694, 0.00100687, -0.0279086, 0.000904119, -0.0268821, 0.00081041, -0.0257891, 0.000724806, -0.0246288, 0.00064645, -0.0233998, 0.000574558, -0.0221005, 0.000508411, -0.0207292, 0.000447349, -0.0192834, 0.000390761, -0.0177607, 0.00033808, -0.0161581, 0.000288779, -0.0144724, 0.000242367, -0.0127001, 0.000198378, -0.0108371, 0.000156373, -0.0088793, 0.000115932, -0.00682191, 7.66496e-05, -0.00465991, 3.81341e-05, -0.00238796
1.21982, -0.0236479, 0.0322732, 0.308545, -0.030136, 0.00854493, -0.030136, -0.0044943, -0.0236477, 0.032273, 1.22432, -2.54372e-07, 1.42927e-07, 0.3, 0, 0.00854493, -0.030136, 0.00773152, -0.0311845, 0.00699542, -0.0320875, 0.00632928, -0.0328531, 0.00572643, -0.0334892, 0.00518084, -0.0340032, 0.00468706, -0.0344019, 0.00424016, -0.0346915, 0.00383565, -0.0348778, 0.0034695, -0.034966, 0.00313805, -0.0349611, 0.00283798, -0.0348674, 0.00256629, -0.0346889, 0.00232026, -0.0344292, 0.00209743, -0.0340914, 0.00189558, -0.0336783, 0.00171268, -0.0331925, 0.00154691, -0.0326358, 0.00139661, -0.03201, 0.00126027, -0.0313165, 0.00113654, -0.0305563, 0.00102417, -0.02973, 0.000922049, -0.028838, 0.000829145, -0.0278803, 0.000744531, -0.0268566, 0.000667364, -0.0257663, 0.000596869, -0.0246085, 0.000532344, -0.0233819, 0.000473142, -0.0220848, 0.000418671, -0.0207155, 0.000368387, -0.0192716, 0.000321787, -0.0177506, 0.000278405, -0.0161497, 0.000237806, -0.0144655, 0.000199586, -0.0126945, 0.000163362, -0.0108328, 0.000128771, -0.00887603, 9.54684e-05, -0.00681962, 6.31201e-05, -0.00465849, 3.1403e-05, -0.00238731
1.23573, -0.0236261, 0.0321757, 0.306826, -0.0298522, 0.00682568, -0.0298522, -0.00359004, -0.0236259, 0.0321755, 1.23932, -2.52221e-07, 1.42927e-07, 0.3, 0, 0.00682568, -0.0298522, 0.00617593, -0.0309159, 0.00558793, -0.0318333, 0.00505582, -0.0326127, 0.00457426, -0.0332619, 0.00413845, -0.0337884, 0.00374402, -0.0341989, 0.00338703, -0.0344998, 0.00306391, -0.0346969, 0.00277144, -0.0347954, 0.00250667, -0.0348002, 0.00226697, -0.0347158, 0.00204995, -0.0345462, 0.00185342, -0.0342949, 0.00167543, -0.0339652, 0.00151419, -0.0335599, 0.00136809, -0.0330813, 0.00123567, -0.0325317, 0.00111561, -0.0319126, 0.00100671, -0.0312255, 0.000907868, -0.0304714, 0.00081811, -0.0296509, 0.000736532, -0.0287646, 0.00066232, -0.0278123, 0.000594731, -0.0267938, 0.000533089, -0.0257085, 0.000476779, -0.0245554, 0.000425236, -0.0233334, 0.000377945, -0.0220408, 0.000334434, -0.0206757, 0.000294267, -0.0192359, 0.000257043, -0.0177189, 0.000222389, -0.0161219, 0.00018996, -0.0144414, 0.000159429, -0.0126741, 0.000130493, -0.010816, 0.000102862, -0.00886271, 7.626e-05, -0.00680971, 5.04203e-05, -0.00465194, 2.50847e-05, -0.00238406
1.25149, -0.0236271, 0.0321377, 0.30537, -0.0297049, 0.00537038, -0.0297049, -0.00282461, -0.0236269, 0.0321375, 1.25432, -2.50069e-07, 1.42927e-07, 0.3, 0, 0.00537038, -0.0297049, 0.00485916, -0.030778, 0.00439654, -0.0317043, 0.00397787, -0.032492, 0.00359899, -0.0331493, 0.00325609, -0.0336833, 0.00294576, -0.0341009, 0.00266489, -0.0344085, 0.00241066, -0.0346119, 0.00218054, -0.0347164, 0.00197223, -0.0347269, 0.00178363, -0.0346479, 0.00161288, -0.0344833, 0.00145825, -0.0342368, 0.00131821, -0.0339116, 0.00119135, -0.0335105, 0.0010764, -0.0330359, 0.000972214, -0.03249, 0.000877752, -0.0318744, 0.000792067, -0.0311907, 0.000714302, -0.0304397, 0.000643681, -0.0296222, 0.000579497, -0.0287385, 0.000521107, -0.0277888, 0.000467929, -0.0267727, 0.00041943, -0.0256897, 0.000375125, -0.0245387, 0.000334572, -0.0233187, 0.000297364, -0.0220279, 0.00026313, -0.0206645, 0.000231527, -0.0192263, 0.000202239, -0.0177108, 0.000174974, -0.016115, 0.000149458, -0.0144358, 0.000125438, -0.0126696, 0.000102671, -0.0108124, 8.09312e-05, -0.00886008, 6.00007e-05, -0.00680789, 3.96702e-05, -0.00465082, 1.97364e-05, -0.00238354
1.2671, -0.0236315, 0.0321118, 0.304206, -0.0295901, 0.00420648, -0.0295901, -0.00221245, -0.0236312, 0.0321116, 1.26932, -2.47918e-07, 1.42927e-07, 0.3, 0, 0.00420648, -0.0295901, 0.00380606, -0.030671, 0.0034437, -0.0316047, 0.00311577, -0.0323994, 0.002819, -0.0330631, 0.00255042, -0.0336033, 0.00230734, -0.0340268, 0.00208734, -0.0343399, 0.00188821, -0.0345485, 0.00170796, -0.0346578, 0.0015448, -0.0346729, 0.00139708, -0.0345982, 0.00126333, -0.0344377, 0.00114221, -0.034195, 0.00103252, -0.0338733, 0.000933152, -0.0334756, 0.000843116, -0.0330042, 0.000761511, -0.0324612, 0.000687521, -0.0318484, 0.000620406, -0.0311672, 0.000559495, -0.0304187, 0.000504179, -0.0296034, 0.000453905, -0.0287219, 0.00040817, -0.0277741, 0.000366517, -0.0267598, 0.000328529, -0.0256784, 0.000293826, -0.024529, 0.000262061, -0.0233103, 0.000232918, -0.0220208, 0.000206103, -0.0206586, 0.000181349, -0.0192214, 0.000158409, -0.0177068, 0.000137053, -0.0161119, 0.000117067, -0.0144334, 9.8252e-05, -0.0126678, 8.04196e-05, -0.0108112, 6.33914e-05, -0.0088593, 4.6997e-05, -0.00680745, 3.10727e-05, -0.00465062, 1.5459e-05, -0.00238349
1.2826, -0.0236282, 0.032071, 0.303261, -0.0294485, 0.00326122, -0.0294485, -0.00171527, -0.023628, 0.0320708, 1.28432, -2.45767e-07, 1.42927e-07, 0.3, 0, 0.00326122, -0.0294485, 0.00295077, -0.030538, 0.00266984, -0.0314797, 0.0024156, -0.032282, 0.00218552, -0.0329531, 0.00197729, -0.0335001, 0.00178884, -0.0339301, 0.00161828, -0.0342494, 0.0014639, -0.0344638, 0.00132415, -0.0345787, 0.00119765, -0.034599, 0.00108313, -0.0345293, 0.000979437, -0.0343734, 0.000885538, -0.0341352, 0.000800495, -0.0338178, 0.000723457, -0.033424, 0.000653653, -0.0329564, 0.000590386, -0.032417, 0.000533023, -0.0318076, 0.00048099, -0.0311296, 0.000433767, -0.030384, 0.000390882, -0.0295716, 0.000351905, -0.0286928, 0.000316447, -0.0277475, 0.000284154, -0.0267356, 0.000254703, -0.0256565, 0.000227798, -0.0245093, 0.000203172, -0.0232926, 0.000180577, -0.022005, 0.000159788, -0.0206446, 0.000140597, -0.0192092, 0.000122812, -0.0176962, 0.000106255, -0.0161027, 9.07601e-05, -0.0144257, 7.61731e-05, -0.0126614, 6.23479e-05, -0.0108061, 4.91462e-05, -0.00885532, 3.6436e-05, -0.00680456, 2.40901e-05, -0.00464877, 1.19851e-05, -0.0023826
1.29799, -0.0236251, 0.0320338, 0.302527, -0.0293202, 0.0025271, -0.0293202, -0.00132915, -0.0236249, 0.0320336, 1.29932, -2.43616e-07, 1.42927e-07, 0.3, 0, 0.0025271, -0.0293202, 0.00228654, -0.0304173, 0.00206884, -0.0313663, 0.00187183, -0.0321756, 0.00169355, -0.0328532, 0.00153219, -0.0334064, 0.00138616, -0.0338423, 0.00125399, -0.0341672, 0.00113436, -0.0343869, 0.00102608, -0.0345068, 0.000928054, -0.0345319, 0.00083931, -0.0344666, 0.000758959, -0.034315, 0.000686198, -0.0340808, 0.000620299, -0.0337672, 0.000560602, -0.033377, 0.000506512, -0.0329128, 0.000457487, -0.0323766, 0.000413036, -0.0317703, 0.000372716, -0.0310952, 0.000336123, -0.0303524, 0.000302892, -0.0295426, 0.000272689, -0.0286662, 0.000245213, -0.0277232, 0.000220189, -0.0267136, 0.000197368, -0.0256365, 0.00017652, -0.0244912, 0.000157437, -0.0232764, 0.000139928, -0.0219905, 0.000123819, -0.0206318, 0.000108948, -0.0191979, 9.5166e-05, -0.0176864, 8.2336e-05, -0.0160943, 7.03294e-05, -0.0144185, 5.90261e-05, -0.0126555, 4.8313e-05, -0.0108013, 3.80831e-05, -0.00885164, 2.8234e-05, -0.0068019, 1.86673e-05, -0.00464705, 9.2872e-06, -0.00238177
1.31316, -0.0236215, 0.0319987, 0.302206, -0.0292018, 0.00220565, -0.0292018, -0.00116008, -0.0236213, 0.0319986, 1.31432, -2.41465e-07, 1.42927e-07, 0.3, 0, 0.00220565, -0.0292018, 0.00199569, -0.0303059, 0.00180569, -0.0312616, 0.00163374, -0.0320772, 0.00147813, -0.0327607, 0.0013373, -0.0333197, 0.00120984, -0.033761, 0.00109449, -0.0340909, 0.000990074, -0.0343154, 0.000895563, -0.0344399, 0.000810007, -0.0344693, 0.000732551, -0.0344082, 0.000662421, -0.0342605, 0.000598914, -0.03403, 0.000541397, -0.0337199, 0.000489294, -0.033333, 0.000442084, -0.0328719, 0.000399295, -0.0323388, 0.000360499, -0.0317352, 0.000325307, -0.0310628, 0.000293369, -0.0303225, 0.000264364, -0.0295151, 0.000238003, -0.028641, 0.000214022, -0.0277002, 0.000192182, -0.0266925, 0.000172263, -0.0256174, 0.000154066, -0.0244739, 0.000137411, -0.0232608, 0.000122129, -0.0219766, 0.000108069, -0.0206194, 9.50896e-05, -0.019187, 8.3061e-05, -0.0176768, 7.1863e-05, -0.0160861, 6.13836e-05, -0.0144116, 5.1518e-05, -0.0126497, 4.21677e-05, -0.0107966, 3.3239e-05, -0.008848, 2.46427e-05, -0.00679925, 1.62928e-05, -0.00464533, 8.10588e-06, -0.00238094
1.32812, -0.0236101, 0.0319465, 0.302275, -0.0290486, 0.00227492, -0.0290486, -0.00119652, -0.0236099, 0.0319463, 1.32932, -2.39314e-07, 1.42927e-07, 0.3, 0, 0.00227492, -0.0290486, 0.00205836, -0.030161, 0.00186239, -0.0311245, 0.00168504, -0.0319475, 0.00152455, -0.0326382, 0.0013793, -0.0332039, 0.00124784, -0.0336516, 0.00112886, -0.0339877, 0.00102117, -0.034218, 0.000923687, -0.0343481, 0.000835444, -0.0343828, 0.000755556, -0.0343267, 0.000683223, -0.0341838, 0.000617722, -0.0339579, 0.000558399, -0.0336521, 0.00050466, -0.0332694, 0.000455967, -0.0328123, 0.000411834, -0.0322829, 0.000371819, -0.031683, 0.000335523, -0.031014, 0.000302582, -0.030277, 0.000272666, -0.0294728, 0.000245477, -0.0286017, 0.000220743, -0.0276638, 0.000198217, -0.026659, 0.000177672, -0.0255865, 0.000158905, -0.0244456, 0.000141726, -0.023235, 0.000125965, -0.0219531, 0.000111463, -0.0205982, 9.80757e-05, -0.019168, 8.56694e-05, -0.01766, 7.41197e-05, -0.0160713, 6.33112e-05, -0.0143988, 5.31359e-05, -0.0126389, 4.34919e-05, -0.0107877, 3.42828e-05, -0.00884094, 2.54166e-05, -0.006794, 1.68045e-05, -0.00464187, 8.36043e-06, -0.00237922
1.34299, -0.0235922, 0.0318781, 0.302519, -0.0288597, 0.00251864, -0.0288597, -0.0013247, -0.023592, 0.0318779, 1.34432, -2.37163e-07, 1.42927e-07, 0.3, 0, 0.00251864, -0.0288597, 0.00227889, -0.0299818, 0.00206192, -0.0309545, 0.00186557, -0.0317864, 0.00168788, -0.0324854, 0.00152707, -0.0330591, 0.00138152, -0.0335145, 0.0012498, -0.0338578, 0.00113057, -0.0340951, 0.00102265, -0.0342318, 0.000924949, -0.0342728, 0.000836502, -0.0342228, 0.00075642, -0.0340857, 0.000683902, -0.0338653, 0.000618223, -0.0335648, 0.000558726, -0.0331872, 0.000504817, -0.0327349, 0.000455956, -0.0322101, 0.000411654, -0.0316147, 0.000371469, -0.03095, 0.000334999, -0.0302171, 0.000301878, -0.0294168, 0.000271777, -0.0285495, 0.000244393, -0.0276152, 0.000219453, -0.0266139, 0.000196707, -0.0255448, 0.000175929, -0.0244072, 0.00015691, -0.0231997, 0.00013946, -0.021921, 0.000123404, -0.020569, 0.000108583, -0.0191417, 9.48475e-05, -0.0176366, 8.20605e-05, -0.0160507, 7.00941e-05, -0.0143809, 5.88286e-05, -0.0126236, 4.81514e-05, -0.010775, 3.79557e-05, -0.00883087, 2.81396e-05, -0.00678648, 1.86048e-05, -0.00463687, 9.25613e-06, -0.00237672
1.35766, -0.0235776, 0.0318183, 0.303148, -0.0286906, 0.00314813, -0.0286906, -0.00165579, -0.0235774, 0.0318182, 1.35932, -2.35012e-07, 1.42927e-07, 0.3, 0, 0.00314813, -0.0286906, 0.00284846, -0.0298215, 0.00257726, -0.0308027, 0.00233184, -0.0316425, 0.00210974, -0.0323492, 0.00190873, -0.0329302, 0.00172681, -0.0333925, 0.00156216, -0.0337425, 0.00141314, -0.0339861, 0.00127824, -0.0341288, 0.00115613, -0.0341756, 0.00104557, -0.034131, 0.000945475, -0.0339991, 0.000854833, -0.0337837, 0.000772738, -0.033488, 0.000698372, -0.0331149, 0.000630988, -0.032667, 0.000569915, -0.0321464, 0.000514541, -0.031555, 0.000464312, -0.0308941, 0.000418726, -0.0301648, 0.000377328, -0.029368, 0.000339703, -0.0285041, 0.000305475, -0.0275731, 0.000274301, -0.0265749, 0.000245871, -0.0255088, 0.0002199, -0.0243741, 0.000196127, -0.0231694, 0.000174316, -0.0218934, 0.000154247, -0.020544, 0.000135722, -0.0191193, 0.000118553, -0.0176166, 0.00010257, -0.0160331, 8.7613e-05, -0.0143656, 7.35319e-05, -0.0126107, 6.01861e-05, -0.0107643, 4.74421e-05, -0.00882237, 3.51726e-05, -0.00678014, 2.32548e-05, -0.00463266, 1.15696e-05, -0.00237463
1.37218, -0.0235514, 0.0317302, 0.304056, -0.0284592, 0.00405619, -0.0284592, -0.00213339, -0.0235512, 0.03173, 1.37432, -2.32861e-07, 1.42927e-07, 0.3, 0, 0.00405619, -0.0284592, 0.00367007, -0.0296014, 0.00332065, -0.0305934, 0.00300444, -0.0314436, 0.00271827, -0.0321602, 0.00245929, -0.0327506, 0.0022249, -0.0332219, 0.00201276, -0.0335805, 0.00182074, -0.0338324, 0.00164694, -0.033983, 0.0014896, -0.0340373, 0.00134716, -0.034, 0.00121819, -0.033875, 0.0011014, -0.0336663, 0.000995628, -0.0333769, 0.00089981, -0.03301, 0.000812991, -0.032568, 0.000734302, -0.032053, 0.000662955, -0.031467, 0.000598239, -0.0308113, 0.000539504, -0.0300871, 0.000486165, -0.0292952, 0.000437687, -0.0284359, 0.000393586, -0.0275095, 0.000353421, -0.0265157, 0.00031679, -0.0254539, 0.000283328, -0.0243233, 0.000252698, -0.0231227, 0.000224595, -0.0218505, 0.000198739, -0.0205051, 0.000174869, -0.0190841, 0.000152749, -0.0175851, 0.000132156, -0.0160052, 0.000112884, -0.0143413, 9.47415e-05, -0.0125899, 7.75462e-05, -0.0107471, 6.11264e-05, -0.00880856, 4.53178e-05, -0.00676979, 2.99624e-05, -0.00462576, 1.49067e-05, -0.00237117
1.38649, -0.0235266, 0.0316446, 0.305382, -0.0282325, 0.00538188, -0.0282325, -0.00283066, -0.0235263, 0.0316444, 1.38932, -2.3071e-07, 1.42927e-07, 0.3, 0, 0.00538188, -0.0282325, 0.00486957, -0.0293859, 0.00440595, -0.0303886, 0.00398639, -0.031249, 0.0036067, -0.0319753, 0.00326307, -0.0325751, 0.00295207, -0.0330553, 0.00267059, -0.0334224, 0.00241582, -0.0336824, 0.00218521, -0.0338408, 0.00197645, -0.0339025, 0.00178746, -0.0338723, 0.00161633, -0.0337542, 0.00146138, -0.0335519, 0.00132103, -0.0332689, 0.0011939, -0.0329079, 0.0010787, -0.0324717, 0.000974296, -0.0319623, 0.000879632, -0.0313816, 0.000793763, -0.030731, 0.000715832, -0.0300117, 0.00064506, -0.0292246, 0.000580738, -0.0283699, 0.000522223, -0.0274479, 0.000468931, -0.0264584, 0.000420328, -0.0254008, 0.000375929, -0.0242742, 0.000335288, -0.0230775, 0.000298001, -0.0218092, 0.000263693, -0.0204675, 0.000232023, -0.0190501, 0.000202672, -0.0175547, 0.000175349, -0.0159784, 0.000149779, -0.0143179, 0.000125706, -0.0125699, 0.000102891, -0.0107305, 8.11045e-05, -0.0087953, 6.01292e-05, -0.00675985, 3.97552e-05, -0.00461914, 1.97787e-05, -0.00236786
1.40074, -0.0235058, 0.0315686, 0.306797, -0.0280264, 0.0067971, -0.0280264, -0.00357501, -0.0235055, 0.0315685, 1.40432, -2.28559e-07, 1.42927e-07, 0.3, 0, 0.0067971, -0.0280264, 0.00615007, -0.0291902, 0.00556454, -0.0302028, 0.00503465, -0.0310727, 0.00455511, -0.031808, 0.00412112, -0.0324164, 0.00372835, -0.0329048, 0.00337285, -0.0332798, 0.00305109, -0.0335473, 0.00275983, -0.0337129, 0.00249618, -0.0337815, 0.00225748, -0.0337578, 0.00204136, -0.033646, 0.00184566, -0.0334497, 0.00166841, -0.0331724, 0.00150785, -0.0328169, 0.00136236, -0.0323859, 0.0012305, -0.0318816, 0.00111094, -0.0313057, 0.00100249, -0.0306598, 0.000904067, -0.029945, 0.000814684, -0.0291622, 0.000733448, -0.0283117, 0.000659547, -0.0273937, 0.000592241, -0.026408, 0.000530857, -0.0253541, 0.000474782, -0.0242312, 0.000423455, -0.023038, 0.000376363, -0.0217731, 0.000333034, -0.0204347, 0.000293035, -0.0190206, 0.000255967, -0.0175283, 0.000221458, -0.0159551, 0.000189164, -0.0142977, 0.000158762, -0.0125527, 0.000129947, -0.0107161, 0.000102432, -0.00878387, 7.59407e-05, -0.00675131, 5.02092e-05, -0.00461345, 2.49797e-05, -0.00236502
1.41501, -0.0234863, 0.0314964, 0.308183, -0.0278292, 0.00818299, -0.0278292, -0.00430393, -0.023486, 0.0314963, 1.41932, -2.26408e-07, 1.42927e-07, 0.3, 0, 0.00818299, -0.0278292, 0.00740403, -0.0290031, 0.00669911, -0.0300252, 0.00606118, -0.0309042, 0.00548387, -0.0316482, 0.00496139, -0.0322649, 0.00448853, -0.0327612, 0.00406055, -0.0331437, 0.00367318, -0.0334184, 0.00332254, -0.0335908, 0.00300513, -0.033666, 0.00271777, -0.0336486, 0.00245759, -0.0335428, 0.00222198, -0.0333523, 0.00200859, -0.0330805, 0.00181529, -0.0327303, 0.00164014, -0.0323043, 0.00148139, -0.0318048, 0.00133745, -0.0312336, 0.00120689, -0.0305921, 0.0010884, -0.0298816, 0.000980793, -0.0291029, 0.000882994, -0.0282564, 0.000794024, -0.0273422, 0.000712995, -0.0263602, 0.000639096, -0.0253099, 0.000571587, -0.0241904, 0.000509795, -0.0230006, 0.000453101, -0.0217389, 0.000400937, -0.0204037, 0.000352783, -0.0189926, 0.000308157, -0.0175034, 0.000266612, -0.015933, 0.000227734, -0.0142785, 0.000191132, -0.0125363, 0.000156442, -0.0107026, 0.000123317, -0.00877309, 9.14246e-05, -0.00674324, 6.04465e-05, -0.00460808, 3.00729e-05, -0.00236234
1.42909, -0.023478, 0.0314535, 0.309931, -0.0276992, 0.00993149, -0.0276992, -0.00522358, -0.0234778, 0.0314533, 1.43432, -2.24257e-07, 1.42927e-07, 0.3, 0, 0.00993149, -0.0276992, 0.00898609, -0.0288802, 0.00813055, -0.0299091, 0.00735631, -0.0307946, 0.00665564, -0.0315448, 0.00602152, -0.0321673, 0.00544762, -0.0326692, 0.00492819, -0.033057, 0.00445805, -0.0333367, 0.00403249, -0.033514, 0.00364725, -0.0335937, 0.00329849, -0.0335807, 0.00298271, -0.0334789, 0.00269676, -0.0332924, 0.00243777, -0.0330243, 0.00220317, -0.0326777, 0.00199059, -0.0322551, 0.00179792, -0.0317588, 0.00162323, -0.0311907, 0.00146477, -0.0305522, 0.00132096, -0.0298445, 0.00119036, -0.0290684, 0.00107167, -0.0282244, 0.000963688, -0.0273127, 0.000865344, -0.026333, 0.000775655, -0.0252849, 0.000693722, -0.0241676, 0.000618726, -0.0229798, 0.000549917, -0.0217201, 0.000486607, -0.0203867, 0.000428164, -0.0189775, 0.000374002, -0.01749, 0.00032358, -0.0159214, 0.000276395, -0.0142685, 0.000231973, -0.0125278, 0.00018987, -0.0106956, 0.000149667, -0.00876758, 0.00011096, -0.00673916, 7.33624e-05, -0.0046054, 3.64987e-05, -0.00236101
1.44324, -0.0234553, 0.0313759, 0.311553, -0.0274942, 0.0115528, -0.0274942, -0.0060763, -0.023455, 0.0313757, 1.44932, -2.22105e-07, 1.42927e-07, 0.3, 0, 0.0115528, -0.0274942, 0.010453, -0.0286853, 0.00945782, -0.0297239, 0.00855719, -0.0306185, 0.00774214, -0.0313775, 0.0070045, -0.0320084, 0.00633692, -0.0325184, 0.0057327, -0.0329138, 0.00518581, -0.0332009, 0.00469078, -0.0333852, 0.00424265, -0.0334716, 0.00383695, -0.033465, 0.00346962, -0.0333694, 0.00313699, -0.0331888, 0.00283573, -0.0329263, 0.00256282, -0.0325851, 0.00231555, -0.0321678, 0.00209143, -0.0316765, 0.00188822, -0.0311132, 0.00170389, -0.0304793, 0.00153661, -0.0297761, 0.00138469, -0.0290043, 0.00124661, -0.0281645, 0.00112101, -0.0272568, 0.00100661, -0.026281, 0.000902277, -0.0252367, 0.000806968, -0.024123, 0.00071973, -0.0229387, 0.000639688, -0.0216825, 0.000566044, -0.0203525, 0.00049806, -0.0189466, 0.000435056, -0.0174624, 0.000376404, -0.0158969, 0.000321515, -0.0142472, 0.000269841, -0.0125097, 0.000220866, -0.0106805, 0.000174099, -0.00875551, 0.000129073, -0.00673012, 8.53385e-05, -0.00459937, 4.2457e-05, -0.00235799
1.4574, -0.0234625, 0.0313759, 0.313159, -0.0274661, 0.0131588, -0.0274661, -0.00692102, -0.0234623, 0.0313758, 1.46432, -2.19954e-07, 1.42927e-07, 0.3, 0, 0.0131588, -0.0274661, 0.0119062, -0.0286599, 0.0107726, -0.029701, 0.0097468, -0.030598, 0.00881844, -0.0313592, 0.00797826, -0.0319921, 0.00721786, -0.032504, 0.00652965, -0.0329012, 0.00590673, -0.03319, 0.00534288, -0.0333757, 0.00483246, -0.0334636, 0.00437036, -0.0334583, 0.00395196, -0.033364, 0.00357309, -0.0331844, 0.00322995, -0.032923, 0.0029191, -0.0325827, 0.00263745, -0.0321663, 0.00238217, -0.0316758, 0.00215071, -0.0311131, 0.00194076, -0.0304799, 0.00175022, -0.0297772, 0.00157718, -0.0290059, 0.00141991, -0.0281665, 0.00127685, -0.0272592, 0.00114654, -0.0262837, 0.00102771, -0.0252396, 0.000919152, -0.0241261, 0.000819785, -0.022942, 0.000728617, -0.0216859, 0.000644734, -0.0203559, 0.000567299, -0.01895, 0.000495537, -0.0174656, 0.00042873, -0.0159, 0.000366211, -0.0142501, 0.000307354, -0.0125123, 0.00025157, -0.0106828, 0.000198302, -0.00875749, 0.000147017, -0.00673169, 9.72021e-05, -0.00460047, 4.83592e-05, -0.00235857
1.47158, -0.0234588, 0.0313523, 0.314717, -0.0273913, 0.0147174, -0.0273913, -0.00774076, -0.0234586, 0.0313521, 1.47932, -2.17803e-07, 1.42927e-07, 0.3, 0, 0.0147174, -0.0273913, 0.0133164, -0.0285893, 0.0120486, -0.0296344, 0.0109012, -0.0305353, 0.00986291, -0.0313001, 0.00892322, -0.0319365, 0.00807276, -0.0324516, 0.00730303, -0.032852, 0.00660634, -0.0331437, 0.0059757, -0.0333323, 0.00540482, -0.0334229, 0.00488799, -0.0334201, 0.00442004, -0.0333282, 0.0039963, -0.0331509, 0.00361251, -0.0328917, 0.00326485, -0.0325535, 0.00294984, -0.0321389, 0.00266432, -0.0316503, 0.00240545, -0.0310895, 0.00217063, -0.0304579, 0.00195752, -0.0297568, 0.00176399, -0.0289871, 0.00158809, -0.0281491, 0.00142808, -0.0272432, 0.00128234, -0.026269, 0.00114943, -0.0252262, 0.00102802, -0.0241139, 0.000916882, -0.0229309, 0.000814916, -0.0216759, 0.000721098, -0.020347, 0.000634491, -0.018942, 0.00055423, -0.0174586, 0.00047951, -0.0158939, 0.000409586, -0.0142449, 0.000343757, -0.0125079, 0.000281367, -0.0106793, 0.000221789, -0.00875468, 0.00016443, -0.00672962, 0.000108715, -0.00459912, 5.4087e-05, -0.00235791
1.48579, -0.0234512, 0.0313208, 0.316212, -0.0273021, 0.016212, -0.0273021, -0.00852686, -0.023451, 0.0313207, 1.49432, -2.15652e-07, 1.42927e-07, 0.3, 0, 0.016212, -0.0273021, 0.0146687, -0.0285048, 0.0132721, -0.0295543, 0.0120083, -0.0304594, 0.0108645, -0.0312283, 0.00982941, -0.0318686, 0.00889258, -0.0323873, 0.00804468, -0.0327912, 0.00727723, -0.0330863, 0.00658255, -0.033278, 0.0059537, -0.0333716, 0.00538439, -0.0333717, 0.00486892, -0.0332826, 0.00440213, -0.0331079, 0.00397937, -0.0328512, 0.0035964, -0.0325155, 0.0032494, -0.0321032, 0.00293489, -0.0316168, 0.00264973, -0.031058, 0.00239107, -0.0304285, 0.00215632, -0.0297294, 0.00194313, -0.0289615, 0.00174937, -0.0281253, 0.0015731, -0.027221, 0.00141257, -0.0262485, 0.00126616, -0.0252073, 0.00113242, -0.0240965, 0.00101, -0.022915, 0.000897673, -0.0216614, 0.000794328, -0.0203338, 0.000698926, -0.0189302, 0.000610514, -0.0174481, 0.000528206, -0.0158847, 0.000451181, -0.0142369, 0.000378667, -0.0125011, 0.00030994, -0.0106736, 0.000244313, -0.00875022, 0.000181128, -0.00672629, 0.000119755, -0.00459691, 5.95798e-05, -0.00235681
1.5001, -0.0232247, 0.0310699, 0.317517, -0.027233, 0.0175166, -0.027233, -0.00921306, -0.0232245, 0.0310697, 1.50932, -2.13501e-07, 1.42927e-07, 0.3, 0, 0.0175166, -0.027233, 0.0158492, -0.0284119, 0.0143402, -0.0294397, 0.0129747, -0.030325, 0.0117388, -0.0310761, 0.0106204, -0.0317003, 0.00960821, -0.0322048, 0.00869208, -0.032596, 0.00786287, -0.0328798, 0.00711229, -0.0330619, 0.00643283, -0.0331472, 0.0058177, -0.0331403, 0.00526074, -0.0330454, 0.0047564, -0.0328662, 0.00429961, -0.032606, 0.00388583, -0.0322679, 0.0035109, -0.0318544, 0.00317108, -0.0313678, 0.00286297, -0.0308097, 0.00258349, -0.0301819, 0.00232985, -0.0294854, 0.0020995, -0.028721, 0.00189015, -0.0278893, 0.0016997, -0.0269903, 0.00152625, -0.026024, 0.00136806, -0.0249898, 0.00122355, -0.0238869, 0.00109127, -0.0227142, 0.000969914, -0.0214702, 0.000858252, -0.0201532, 0.000755172, -0.018761, 0.000659645, -0.0172913, 0.000570714, -0.0157411, 0.00048749, -0.0141075, 0.000409141, -0.012387, 0.000334883, -0.0105757, 0.000263974, -0.00866962, 0.000195705, -0.00666409, 0.000129393, -0.00455423, 6.43744e-05, -0.00233485
1.51445, -0.0229939, 0.0308021, 0.318755, -0.027117, 0.0187548, -0.027117, -0.00986428, -0.0229937, 0.0308019, 1.52432, -2.1135e-07, 1.42927e-07, 0.3, 0, 0.0187548, -0.027117, 0.0169695, -0.0282744, 0.0153538, -0.0292827, 0.0138918, -0.0301506, 0.0125686, -0.0308859, 0.0113711, -0.0314961, 0.0102874, -0.0319882, 0.00930647, -0.0323685, 0.00841865, -0.032643, 0.00761501, -0.032817, 0.00688752, -0.0328955, 0.00622891, -0.0328831, 0.00563259, -0.0327839, 0.0050926, -0.0326015, 0.00460353, -0.0323393, 0.00416049, -0.0320001, 0.00375906, -0.0315866, 0.00339522, -0.0311008, 0.00306533, -0.0305446, 0.0027661, -0.0299196, 0.00249453, -0.0292267, 0.0022479, -0.0284668, 0.00202375, -0.0276405, 0.00181984, -0.0267477, 0.00163413, -0.0257884, 0.00146476, -0.0247621, 0.00131003, -0.023668, 0.00116841, -0.0225048, 0.00103847, -0.0212713, 0.000918916, -0.0199655, 0.000808551, -0.0185855, 0.000706271, -0.0171287, 0.000611054, -0.0155925, 0.000521947, -0.0139738, 0.00043806, -0.0122692, 0.000358554, -0.0104748, 0.000282633, -0.00858659, 0.000209538, -0.00660006, 0.000138539, -0.00451035, 6.89247e-05, -0.00231229
1.52891, -0.0229481, 0.0307268, 0.319778, -0.0270106, 0.0197778, -0.0270106, -0.0104024, -0.0229479, 0.0307267, 1.53932, -2.09199e-07, 1.42927e-07, 0.3, 0, 0.0197778, -0.0270106, 0.0178951, -0.028169, 0.0161914, -0.0291785, 0.0146495, -0.0300475, 0.0132542, -0.0307842, 0.0119914, -0.0313959, 0.0108485, -0.0318895, 0.00981413, -0.0322714, 0.00887787, -0.0325475, 0.0080304, -0.0327233, 0.00726323, -0.0328037, 0.00656869, -0.0327932, 0.00593984, -0.0326959, 0.00537039, -0.0325156, 0.00485464, -0.0322555, 0.00438744, -0.0319185, 0.00396411, -0.0315072, 0.00358043, -0.0310237, 0.00323254, -0.0304699, 0.00291699, -0.0298472, 0.0026306, -0.0291568, 0.00237052, -0.0283995, 0.00213415, -0.0275758, 0.00191911, -0.0266857, 0.00172327, -0.0257292, 0.00154466, -0.0247058, 0.00138149, -0.0236146, 0.00123215, -0.0224544, 0.00109512, -0.021224, 0.000969042, -0.0199215, 0.000852656, -0.0185447, 0.000744797, -0.0170914, 0.000644386, -0.0155588, 0.000550419, -0.0139438, 0.000461956, -0.0122429, 0.000378112, -0.0104525, 0.00029805, -0.00856842, 0.000220968, -0.00658617, 0.000146096, -0.0045009, 7.26844e-05, -0.00230746
1.54353, -0.0229436, 0.0306896, 0.32051, -0.0268875, 0.0205101, -0.0268875, -0.0107875, -0.0229434, 0.0306895, 1.55432, -2.07048e-07, 1.42927e-07, 0.3, 0, 0.0205101, -0.0268875, 0.0185577, -0.0280531, 0.0167909, -0.0290694, 0.0151919, -0.0299449, 0.0137449, -0.0306877, 0.0124354, -0.0313052, 0.0112502, -0.0318044, 0.0101775, -0.0321915, 0.00920657, -0.0324726, 0.00832772, -0.0326531, 0.00753215, -0.032738, 0.0068119, -0.0327318, 0.00615976, -0.0326385, 0.00556923, -0.032462, 0.00503438, -0.0322055, 0.00454988, -0.031872, 0.00411088, -0.0314639, 0.00371299, -0.0309835, 0.00335223, -0.0304326, 0.00302499, -0.0298127, 0.002728, -0.029125, 0.00245829, -0.0283702, 0.00221316, -0.0275488, 0.00199017, -0.026661, 0.00178707, -0.0257067, 0.00160185, -0.0246852, 0.00143264, -0.0235959, 0.00127777, -0.0224376, 0.00113566, -0.0212089, 0.00100492, -0.019908, 0.000884226, -0.0185329, 0.000772373, -0.017081, 0.000668244, -0.0155498, 0.000570798, -0.0139361, 0.00047906, -0.0122365, 0.000392112, -0.0104473, 0.000309085, -0.00856437, 0.000229149, -0.00658321, 0.000151505, -0.00449897, 7.53755e-05, -0.00230653
1.55825, -0.0229474, 0.030674, 0.32104, -0.0268139, 0.0210403, -0.0268139, -0.0110664, -0.0229472, 0.0306739, 1.56932, -2.04897e-07, 1.42927e-07, 0.3, 0, 0.0210403, -0.0268139, 0.0190375, -0.0279845, 0.017225, -0.0290057, 0.0155847, -0.0298858, 0.0141003, -0.0306329, 0.0127569, -0.0312544, 0.011541, -0.0317574, 0.0104406, -0.0321481, 0.0094446, -0.0324326, 0.00854303, -0.0326163, 0.00772689, -0.0327041, 0.00698801, -0.0327007, 0.00631902, -0.0326101, 0.00571322, -0.0324361, 0.00516454, -0.0321819, 0.00466752, -0.0318505, 0.00421717, -0.0314445, 0.00380899, -0.030966, 0.0034389, -0.0304169, 0.0031032, -0.0297987, 0.00279853, -0.0291125, 0.00252185, -0.0283591, 0.00227038, -0.0275391, 0.00204162, -0.0266525, 0.00183328, -0.0256993, 0.00164326, -0.0246789, 0.00146968, -0.0235905, 0.0013108, -0.0224331, 0.00116503, -0.0212052, 0.0010309, -0.019905, 0.000907087, -0.0185304, 0.000792342, -0.0170792, 0.000685521, -0.0155484, 0.000585556, -0.0139351, 0.000491445, -0.0122359, 0.00040225, -0.010447, 0.000317076, -0.00856422, 0.000235074, -0.00658319, 0.000155422, -0.00449903, 7.73243e-05, -0.00230658
1.57299, -0.0229536, 0.0306666, 0.321541, -0.0267619, 0.0215405, -0.0267619, -0.0113295, -0.0229534, 0.0306665, 1.58432, -2.02746e-07, 1.42927e-07, 0.3, 0, 0.0215405, -0.0267619, 0.01949, -0.0279366, 0.0176344, -0.0289616, 0.0159552, -0.0298452, 0.0144355, -0.0305957, 0.0130601, -0.0312204, 0.0118154, -0.0317263, 0.0106888, -0.0321199, 0.00966912, -0.032407, 0.00874611, -0.0325931, 0.00791057, -0.0326832, 0.00715413, -0.0326819, 0.00646923, -0.0325933, 0.00584903, -0.0324211, 0.00528731, -0.0321687, 0.00477847, -0.0318389, 0.00431742, -0.0314344, 0.00389953, -0.0309573, 0.00352065, -0.0304094, 0.00317697, -0.0297924, 0.00286505, -0.0291072, 0.00258179, -0.0283548, 0.00232435, -0.0275357, 0.00209015, -0.0266499, 0.00187685, -0.0256974, 0.00168233, -0.0246776, 0.00150462, -0.0235898, 0.00134196, -0.0224329, 0.00119272, -0.0212054, 0.00105541, -0.0199056, 0.00092865, -0.0185313, 0.000811178, -0.0170802, 0.000701817, -0.0155496, 0.000599475, -0.0139364, 0.000503128, -0.0122372, 0.000411812, -0.0104482, 0.000324614, -0.00856534, 0.000240662, -0.00658413, 0.000159117, -0.00449972, 7.91624e-05, -0.00230696
1.58777, -0.0229229, 0.0305652, 0.321949, -0.0264981, 0.0219493, -0.0264981, -0.0115445, -0.0229227, 0.0305651, 1.59932, -2.00595e-07, 1.42927e-07, 0.3, 0, 0.0219493, -0.0264981, 0.0198599, -0.0276856, 0.0179691, -0.0287228, 0.0162579, -0.0296182, 0.0147094, -0.0303798, 0.013308, -0.0310152, 0.0120396, -0.0315313, 0.0108916, -0.0319347, 0.00985259, -0.0322311, 0.00891207, -0.0324262, 0.00806068, -0.0325249, 0.00728988, -0.0325318, 0.00659199, -0.0324511, 0.00596002, -0.0322864, 0.00538764, -0.0320412, 0.00486915, -0.0317184, 0.00439934, -0.0313205, 0.00397353, -0.0308499, 0.00358745, -0.0303082, 0.00323725, -0.0296971, 0.00291942, -0.0290177, 0.00263079, -0.0282709, 0.00236846, -0.0274571, 0.00212981, -0.0265765, 0.00191247, -0.0256291, 0.00171425, -0.0246142, 0.00153317, -0.0235312, 0.00136743, -0.0223789, 0.00121535, -0.0211559, 0.00107544, -0.0198604, 0.000946271, -0.0184905, 0.00082657, -0.0170437, 0.000715135, -0.0155173, 0.000610851, -0.0139082, 0.000512675, -0.0122131, 0.000419626, -0.0104281, 0.000330773, -0.00854929, 0.000245228, -0.00657209, 0.000162136, -0.00449168, 8.06646e-05, -0.00230294
1.6025, -0.0228902, 0.0304554, 0.322468, -0.02621, 0.0224681, -0.02621, -0.0118174, -0.02289, 0.0304552, 1.61432, -1.98444e-07, 1.42927e-07, 0.3, 0, 0.0224681, -0.02621, 0.0203293, -0.0274116, 0.0183938, -0.0284623, 0.0166423, -0.0293705, 0.0150571, -0.0301444, 0.0136225, -0.0307915, 0.0123242, -0.0313189, 0.0111491, -0.0317329, 0.0100855, -0.0320396, 0.00912275, -0.0322445, 0.00825122, -0.0323527, 0.00746221, -0.0323686, 0.00674782, -0.0322965, 0.00610091, -0.0321401, 0.005515, -0.0319028, 0.00498425, -0.0315876, 0.00450334, -0.0311971, 0.00406746, -0.0307334, 0.00367226, -0.0301986, 0.00331378, -0.029594, 0.00298843, -0.0289209, 0.00269297, -0.0281801, 0.00242445, -0.0273721, 0.00218016, -0.0264972, 0.00195768, -0.0255552, 0.00175477, -0.0245457, 0.00156941, -0.0234678, 0.00139975, -0.0223206, 0.00124408, -0.0211025, 0.00110086, -0.0198118, 0.00096864, -0.0184466, 0.000846109, -0.0170044, 0.00073204, -0.0154825, 0.00062529, -0.0138779, 0.000524794, -0.0121872, 0.000429546, -0.0104066, 0.000338593, -0.00853206, 0.000251025, -0.00655917, 0.000165969, -0.00448307, 8.25714e-05, -0.00229862
1.61718, -0.0228697, 0.0303723, 0.323073, -0.0259758, 0.0230731, -0.0259758, -0.0121356, -0.0228695, 0.0303722, 1.62932, -1.96293e-07, 1.42927e-07, 0.3, 0, 0.0230731, -0.0259758, 0.0208768, -0.0271896, 0.0188891, -0.0282519, 0.0170904, -0.0291712, 0.0154626, -0.0299557, 0.0139894, -0.0306129, 0.0126561, -0.0311498, 0.0114493, -0.031573, 0.0103571, -0.0318885, 0.00936841, -0.0321017, 0.00847342, -0.0322178, 0.00766316, -0.0322412, 0.00692953, -0.0321764, 0.0062652, -0.0320269, 0.00566351, -0.0317962, 0.00511847, -0.0314873, 0.00462461, -0.0311028, 0.00417699, -0.030645, 0.00377115, -0.0301156, 0.00340301, -0.0295163, 0.00306891, -0.0288483, 0.00276549, -0.0281123, 0.00248973, -0.0273091, 0.00223887, -0.0264387, 0.0020104, -0.025501, 0.00180203, -0.0244956, 0.00161168, -0.0234218, 0.00143744, -0.0222784, 0.00127758, -0.021064, 0.0011305, -0.019777, 0.000994724, -0.0184153, 0.000868894, -0.0169766, 0.000751753, -0.015458, 0.000642129, -0.0138566, 0.000538926, -0.0121691, 0.000441113, -0.0103916, 0.00034771, -0.00852019, 0.000257785, -0.00655032, 0.000170438, -0.00447719, 8.4795e-05, -0.0022957
1.63195, -0.02285, 0.0302887, 0.323506, -0.0257363, 0.0235064, -0.0257363, -0.0123635, -0.0228498, 0.0302885, 1.64432, -1.94141e-07, 1.42927e-07, 0.3, 0, 0.0235064, -0.0257363, 0.0212688, -0.0269628, 0.0192438, -0.0280371, 0.0174113, -0.0289679, 0.0157529, -0.0297633, 0.0142521, -0.0304309, 0.0128937, -0.0309778, 0.0116643, -0.0314104, 0.0105516, -0.0317348, 0.00954432, -0.0319566, 0.00863252, -0.0320809, 0.00780705, -0.0321121, 0.00705964, -0.0320547, 0.00638284, -0.0319123, 0.00576986, -0.0316884, 0.00521458, -0.031386, 0.00471144, -0.0310077, 0.00425542, -0.0305557, 0.00384196, -0.030032, 0.00346691, -0.0294381, 0.00312653, -0.0287753, 0.00281742, -0.0280443, 0.00253648, -0.0272458, 0.00228091, -0.02638, 0.00204815, -0.0254467, 0.00183586, -0.0244455, 0.00164194, -0.0233757, 0.00146443, -0.0222363, 0.00130157, -0.0210257, 0.00115173, -0.0197424, 0.0010134, -0.0183842, 0.000885209, -0.0169489, 0.000765868, -0.0154337, 0.000654186, -0.0138356, 0.000549045, -0.0121512, 0.000449395, -0.0103769, 0.000354239, -0.00850847, 0.000262626, -0.00654159, 0.000173638, -0.00447141, 8.63872e-05, -0.00229282
1.64675, -0.0228429, 0.0302369, 0.323896, -0.0255682, 0.0238963, -0.0255682, -0.0125685, -0.0228427, 0.0302368, 1.65932, -1.9199e-07, 1.42927e-07, 0.3, 0, 0.0238963, -0.0255682, 0.0216215, -0.0268044, 0.019563, -0.027888, 0.0177001, -0.0288275, 0.0160142, -0.0296312, 0.0144885, -0.0303067, 0.0131076, -0.030861, 0.0118578, -0.0313008, 0.0107266, -0.031632, 0.00970263, -0.0318601, 0.00877571, -0.0319904, 0.00793654, -0.0320275, 0.00717674, -0.0319755, 0.00648871, -0.0318383, 0.00586556, -0.0316194, 0.00530107, -0.0313216, 0.00478959, -0.0309477, 0.00432601, -0.0304999, 0.00390568, -0.0299802, 0.00352441, -0.0293901, 0.00317839, -0.0287309, 0.00286415, -0.0280033, 0.00257855, -0.0272081, 0.00231874, -0.0263453, 0.00208212, -0.025415, 0.00186631, -0.0244166, 0.00166917, -0.0233495, 0.00148872, -0.0222125, 0.00132316, -0.0210044, 0.00117083, -0.0197233, 0.00103021, -0.0183673, 0.000899892, -0.0169341, 0.000778572, -0.0154208, 0.000665037, -0.0138246, 0.000558152, -0.012142, 0.000456849, -0.0103694, 0.000360115, -0.00850263, 0.000266982, -0.0065373, 0.000176518, -0.00446862, 8.78201e-05, -0.00229146
1.66154, -0.022828, 0.030168, 0.324288, -0.0253658, 0.0242882, -0.0253658, -0.0127746, -0.0228278, 0.0301678, 1.67432, -1.89839e-07, 1.42927e-07, 0.3, 0, 0.0242882, -0.0253658, 0.0219761, -0.0266129, 0.0198838, -0.0277068, 0.0179904, -0.0286562, 0.0162768, -0.0294693, 0.0147261, -0.0301537, 0.0133225, -0.0307166, 0.0120523, -0.0311644, 0.0109025, -0.0315033, 0.00986174, -0.0317389, 0.00891962, -0.0318762, 0.00806669, -0.0319199, 0.00729443, -0.0318742, 0.00659512, -0.0317431, 0.00596175, -0.0315299, 0.005388, -0.0312377, 0.00486814, -0.030869, 0.00439695, -0.0304263, 0.00396973, -0.0299113, 0.00358221, -0.0293258, 0.00323051, -0.0286709, 0.00291112, -0.0279476, 0.00262084, -0.0271563, 0.00235677, -0.0262974, 0.00211626, -0.0253707, 0.00189692, -0.0243758, 0.00169655, -0.0233121, 0.00151314, -0.0221784, 0.00134486, -0.0209734, 0.00119003, -0.0196954, 0.00104711, -0.0183423, 0.000914649, -0.0169119, 0.000791339, -0.0154014, 0.000675943, -0.0138078, 0.000567305, -0.0121278, 0.000464341, -0.0103576, 0.000366021, -0.00849333, 0.00027136, -0.0065304, 0.000179413, -0.00446405, 8.92602e-05, -0.00228919
1.67635, -0.0228139, 0.0301026, 0.324649, -0.0251734, 0.0246489, -0.0251734, -0.0129644, -0.0228137, 0.0301025, 1.68932, -1.87688e-07, 1.42927e-07, 0.3, 0, 0.0246489, -0.0251734, 0.0223025, -0.0264309, 0.0201792, -0.0275347, 0.0182576, -0.0284935, 0.0165186, -0.0293155, 0.0149448, -0.0300085, 0.0135204, -0.0305794, 0.0122313, -0.031035, 0.0110644, -0.0313812, 0.0100082, -0.0316237, 0.0090521, -0.0317677, 0.0081865, -0.0318177, 0.00740277, -0.0317782, 0.00669307, -0.0316528, 0.0060503, -0.0314451, 0.00546803, -0.031158, 0.00494044, -0.0307944, 0.00446225, -0.0303564, 0.00402869, -0.029846, 0.00363542, -0.0292648, 0.00327849, -0.0286141, 0.00295436, -0.0278947, 0.00265977, -0.0271072, 0.00239177, -0.0262519, 0.00214769, -0.0253287, 0.00192509, -0.0243372, 0.00172174, -0.0232767, 0.00153561, -0.0221461, 0.00136484, -0.0209441, 0.00120771, -0.0196689, 0.00106266, -0.0183186, 0.000928234, -0.0168908, 0.000803093, -0.0153829, 0.000685982, -0.0137919, 0.000575731, -0.0121143, 0.000471238, -0.0103465, 0.000371457, -0.00848454, 0.00027539, -0.00652387, 0.000182078, -0.00445974, 9.05859e-05, -0.00228705
1.6912, -0.0228223, 0.0300968, 0.324931, -0.025119, 0.0249308, -0.025119, -0.0131126, -0.0228221, 0.0300967, 1.70432, -1.85537e-07, 1.42927e-07, 0.3, 0, 0.0249308, -0.025119, 0.0225575, -0.026381, 0.0204099, -0.027489, 0.0184664, -0.0284517, 0.0167075, -0.0292775, 0.0151157, -0.0299739, 0.013675, -0.0305481, 0.0123711, -0.0310067, 0.0111909, -0.0313558, 0.0101227, -0.0316009, 0.00915561, -0.0317474, 0.00828011, -0.0317997, 0.00748742, -0.0317623, 0.0067696, -0.0316389, 0.00611948, -0.031433, 0.00553055, -0.0311477, 0.00499693, -0.0307857, 0.00451328, -0.0303491, 0.00407476, -0.0298401, 0.00367699, -0.0292601, 0.00331598, -0.0286105, 0.00298814, -0.0278921, 0.00269018, -0.0271055, 0.00241912, -0.0262511, 0.00217225, -0.0253286, 0.00194711, -0.0243377, 0.00174143, -0.0232777, 0.00155317, -0.0221475, 0.00138044, -0.0209459, 0.00122152, -0.019671, 0.00107481, -0.0183209, 0.000938848, -0.0168932, 0.000812276, -0.0153854, 0.000693826, -0.0137943, 0.000582315, -0.0121166, 0.000476626, -0.0103486, 0.000375704, -0.00848638, 0.000278539, -0.00652537, 0.00018416, -0.00446082, 9.16218e-05, -0.00228763
1.70606, -0.0228222, 0.0300772, 0.32521, -0.025045, 0.0252098, -0.025045, -0.0132594, -0.0228221, 0.030077, 1.71932, -1.83386e-07, 1.42927e-07, 0.3, 0, 0.0252098, -0.025045, 0.02281, -0.0263116, 0.0206383, -0.027424, 0.018673, -0.0283909, 0.0168945, -0.0292206, 0.0152848, -0.0299208, 0.0138281, -0.0304985, 0.0125096, -0.0309605, 0.0113162, -0.0313127, 0.0102359, -0.0315609, 0.00925807, -0.0317101, 0.00837278, -0.0317651, 0.00757122, -0.0317302, 0.00684536, -0.0316092, 0.00618797, -0.0314056, 0.00559245, -0.0311224, 0.00505285, -0.0307623, 0.00456379, -0.0303276, 0.00412036, -0.0298204, 0.00371814, -0.0292421, 0.00335309, -0.028594, 0.00302158, -0.0278771, 0.00272029, -0.0270919, 0.00244619, -0.0262387, 0.00219656, -0.0253175, 0.0019689, -0.0243278, 0.00176092, -0.0232688, 0.00157055, -0.0221397, 0.00139589, -0.0209389, 0.00123519, -0.0196649, 0.00108684, -0.0183157, 0.000949355, -0.0168888, 0.000821366, -0.0153816, 0.000701591, -0.0137911, 0.000588832, -0.012114, 0.00048196, -0.0103466, 0.000379909, -0.00848487, 0.000281657, -0.0065243, 0.000186221, -0.00446015, 9.26471e-05, -0.00228732
1.72089, -0.0228135, 0.0300439, 0.325531, -0.0249531, 0.0255312, -0.0249531, -0.0134284, -0.0228134, 0.0300438, 1.73432, -1.81235e-07, 1.42927e-07, 0.3, 0, 0.0255312, -0.0249531, 0.0231009, -0.0262245, 0.0209015, -0.0273414, 0.0189111, -0.0283126, 0.0171099, -0.0291463, 0.0154797, -0.0298504, 0.0140044, -0.0304318, 0.0126691, -0.0308973, 0.0114605, -0.0312529, 0.0103665, -0.0315043, 0.00937613, -0.0316566, 0.00847955, -0.0317146, 0.00766776, -0.0316825, 0.00693265, -0.0315642, 0.00626687, -0.0313631, 0.00566376, -0.0310824, 0.00511729, -0.0307247, 0.00462198, -0.0302923, 0.0041729, -0.0297871, 0.00376555, -0.0292109, 0.00339585, -0.0285649, 0.00306011, -0.0278499, 0.00275497, -0.0270665, 0.00247739, -0.0262151, 0.00222457, -0.0252956, 0.001994, -0.0243075, 0.00178338, -0.0232502, 0.00159058, -0.0221226, 0.00141369, -0.0209233, 0.00125094, -0.0196508, 0.0011007, -0.0183029, 0.000961461, -0.0168774, 0.00083184, -0.0153716, 0.000710537, -0.0137824, 0.00059634, -0.0121066, 0.000488106, -0.0103405, 0.000384754, -0.00847998, 0.000285248, -0.00652065, 0.000188595, -0.00445773, 9.38286e-05, -0.00228611
1.73573, -0.0228051, 0.0300161, 0.325829, -0.0248808, 0.0258286, -0.0248808, -0.0135848, -0.0228049, 0.0300159, 1.74932, -1.79084e-07, 1.42927e-07, 0.3, 0, 0.0258286, -0.0248808, 0.0233699, -0.0261556, 0.0211449, -0.0272758, 0.0191314, -0.0282502, 0.0173091, -0.0290871, 0.01566, -0.029794, 0.0141675, -0.0303783, 0.0128166, -0.0308464, 0.0115939, -0.0312046, 0.0104872, -0.0314585, 0.00948532, -0.0316131, 0.00857829, -0.0316734, 0.00775706, -0.0316434, 0.00701339, -0.0315272, 0.00633985, -0.0313281, 0.00572972, -0.0310493, 0.00517688, -0.0306934, 0.00467581, -0.0302627, 0.0042215, -0.0297593, 0.0038094, -0.0291847, 0.0034354, -0.0285403, 0.00309575, -0.0278268, 0.00278706, -0.0270449, 0.00250624, -0.026195, 0.00225048, -0.0252768, 0.00201722, -0.0242901, 0.00180414, -0.023234, 0.0016091, -0.0221077, 0.00143015, -0.0209097, 0.00126551, -0.0196384, 0.00111351, -0.0182917, 0.000972658, -0.0168673, 0.000841527, -0.0153627, 0.000718812, -0.0137747, 0.000603285, -0.0121, 0.000493791, -0.010335, 0.000389234, -0.00847557, 0.00028857, -0.00651734, 0.000190792, -0.00445551, 9.49212e-05, -0.002285
1.75058, -0.0228138, 0.0300343, 0.326118, -0.0249159, 0.026118, -0.0249159, -0.0137371, -0.0228137, 0.0300342, 1.76432, -1.76933e-07, 1.42927e-07, 0.3, 0, 0.026118, -0.0249159, 0.0236318, -0.0261896, 0.0213819, -0.0273087, 0.0193458, -0.0282821, 0.0175031, -0.0291178, 0.0158355, -0.0298238, 0.0143263, -0.030407, 0.0129603, -0.0308742, 0.0117239, -0.0312315, 0.0106047, -0.0314844, 0.00959162, -0.0316381, 0.00867443, -0.0316974, 0.00784399, -0.0316666, 0.00709199, -0.0315495, 0.00641091, -0.0313496, 0.00579393, -0.0310699, 0.0052349, -0.0307132, 0.00472821, -0.0302818, 0.00426881, -0.0297775, 0.00385209, -0.0292022, 0.0034739, -0.0285569, 0.00313044, -0.0278426, 0.00281829, -0.02706, 0.00253432, -0.0262092, 0.0022757, -0.0252903, 0.00203983, -0.0243028, 0.00182436, -0.023246, 0.00162714, -0.0221189, 0.00144618, -0.0209201, 0.00127969, -0.019648, 0.00112599, -0.0183005, 0.000983559, -0.0168753, 0.000850959, -0.0153699, 0.000726868, -0.013781, 0.000610046, -0.0121055, 0.000499325, -0.0103396, 0.000393596, -0.00847933, 0.000291804, -0.0065202, 0.00019293, -0.00445745, 9.5985e-05, -0.00228599
1.76539, -0.0228061, 0.030013, 0.326485, -0.0248652, 0.0264855, -0.0248652, -0.0139303, -0.022806, 0.0300129, 1.77932, -1.74782e-07, 1.42927e-07, 0.3, 0, 0.0264855, -0.0248652, 0.0239642, -0.0261411, 0.0216827, -0.0272624, 0.0196179, -0.0282378, 0.0177494, -0.0290756, 0.0160583, -0.0297834, 0.0145278, -0.0303685, 0.0131426, -0.0308374, 0.0118888, -0.0311964, 0.0107539, -0.0314509, 0.00972656, -0.0316062, 0.00879647, -0.031667, 0.00795434, -0.0316377, 0.00719176, -0.0315219, 0.0065011, -0.0313234, 0.00587544, -0.031045, 0.00530854, -0.0306895, 0.00479473, -0.0302593, 0.00432886, -0.0297563, 0.00390629, -0.029182, 0.00352277, -0.0285379, 0.00317448, -0.0278247, 0.00285794, -0.0270431, 0.00256998, -0.0261934, 0.00230772, -0.0252755, 0.00206853, -0.024289, 0.00185003, -0.0232331, 0.00165003, -0.022107, 0.00146653, -0.0209091, 0.00129769, -0.0196379, 0.00114184, -0.0182914, 0.000997396, -0.0168671, 0.00086293, -0.0153625, 0.000737094, -0.0137746, 0.000618628, -0.0121, 0.000506349, -0.010335, 0.000399134, -0.00847562, 0.000295909, -0.00651741, 0.000195644, -0.00445557, 9.73354e-05, -0.00228504
1.78012, -0.0228036, 0.0300033, 0.326989, -0.0248381, 0.0269893, -0.0248381, -0.0141953, -0.0228034, 0.0300031, 1.79432, -1.72631e-07, 1.42927e-07, 0.3, 0, 0.0269893, -0.0248381, 0.0244201, -0.0261154, 0.0220952, -0.0272381, 0.0199911, -0.0282147, 0.018087, -0.0290537, 0.0163638, -0.0297627, 0.0148042, -0.0303489, 0.0133926, -0.0308189, 0.012115, -0.0311788, 0.0109585, -0.0314342, 0.00991159, -0.0315905, 0.0089638, -0.0316522, 0.00810566, -0.0316236, 0.00732857, -0.0315087, 0.00662477, -0.0313109, 0.00598721, -0.0310333, 0.00540953, -0.0306785, 0.00488594, -0.0302489, 0.00441121, -0.0297465, 0.0039806, -0.0291729, 0.00358979, -0.0285293, 0.00323487, -0.0278167, 0.00291231, -0.0270357, 0.00261887, -0.0261865, 0.00235162, -0.0252691, 0.00210788, -0.024283, 0.00188522, -0.0232277, 0.00168142, -0.022102, 0.00149443, -0.0209046, 0.00132238, -0.0196338, 0.00116356, -0.0182876, 0.00101637, -0.0168638, 0.000879346, -0.0153596, 0.000751116, -0.0137721, 0.000630397, -0.0120978, 0.000515982, -0.0103332, 0.000406726, -0.00847419, 0.000301538, -0.00651634, 0.000199366, -0.00445487, 9.9187e-05, -0.00228469
1.79484, -0.02279, 0.0299644, 0.327516, -0.0247441, 0.0275158, -0.0247441, -0.0144722, -0.0227899, 0.0299643, 1.80932, -1.7048e-07, 1.42927e-07, 0.3, 0, 0.0275158, -0.0247441, 0.0248965, -0.0260257, 0.0225262, -0.0271524, 0.0203811, -0.0281329, 0.0184398, -0.0289756, 0.016683, -0.0296882, 0.015093, -0.0302778, 0.0136539, -0.0307511, 0.0123513, -0.0311142, 0.0111723, -0.0313727, 0.0101049, -0.0315319, 0.00913866, -0.0315964, 0.00826378, -0.0315705, 0.00747153, -0.0314582, 0.006754, -0.0312629, 0.00610401, -0.0309877, 0.00551505, -0.0306353, 0.00498125, -0.030208, 0.00449726, -0.0297078, 0.00405825, -0.0291363, 0.00365981, -0.0284948, 0.00329798, -0.0277842, 0.00296912, -0.0270051, 0.00266995, -0.0261578, 0.00239749, -0.0252422, 0.002149, -0.024258, 0.001922, -0.0232044, 0.00171422, -0.0220805, 0.00152358, -0.0208848, 0.00134818, -0.0196157, 0.00118625, -0.0182712, 0.0010362, -0.016849, 0.000896499, -0.0153465, 0.000765768, -0.0137605, 0.000642694, -0.0120879, 0.000526047, -0.010325, 0.000414661, -0.00846756, 0.000307421, -0.00651134, 0.000203255, -0.00445152, 0.000101122, -0.002283
1.80956, -0.0227848, 0.029944, 0.328054, -0.0246873, 0.0280536, -0.0246873, -0.0147551, -0.0227847, 0.0299439, 1.82432, -1.68329e-07, 1.42927e-07, 0.3, 0, 0.0280536, -0.0246873, 0.0253831, -0.0259718, 0.0229665, -0.0271012, 0.0207795, -0.0280845, 0.0188003, -0.0289297, 0.0170091, -0.0296447, 0.015388, -0.0302366, 0.0139208, -0.0307121, 0.0125927, -0.0310773, 0.0113906, -0.0313378, 0.0103025, -0.0314989, 0.0093173, -0.0315653, 0.00842531, -0.0315412, 0.00761758, -0.0314305, 0.00688602, -0.0312368, 0.00622332, -0.0309631, 0.00562286, -0.0306122, 0.00507862, -0.0301863, 0.00458517, -0.0296874, 0.00413757, -0.0291172, 0.00373135, -0.0284769, 0.00336244, -0.0277675, 0.00302716, -0.0269896, 0.00272214, -0.0261434, 0.00244435, -0.0252288, 0.002191, -0.0242456, 0.00195957, -0.023193, 0.00174772, -0.02207, 0.00155336, -0.0208752, 0.00137453, -0.019607, 0.00120944, -0.0182634, 0.00105645, -0.0168421, 0.000914023, -0.0153404, 0.000780736, -0.0137553, 0.000655257, -0.0120834, 0.00053633, -0.0103212, 0.000422766, -0.00846459, 0.00031343, -0.00650913, 0.000207228, -0.00445005, 0.000103099, -0.00228227
1.82422, -0.0227904, 0.0299492, 0.328699, -0.0246853, 0.0286988, -0.0246853, -0.0150945, -0.0227902, 0.0299491, 1.83932, -1.66177e-07, 1.42927e-07, 0.3, 0, 0.0286988, -0.0246853, 0.0259669, -0.0259706, 0.0234947, -0.0271008, 0.0212574, -0.0280848, 0.0192326, -0.0289306, 0.0174002, -0.0296462, 0.0157419, -0.0302387, 0.0142409, -0.0307146, 0.0128823, -0.0310802, 0.0116526, -0.0313412, 0.0105394, -0.0315026, 0.00953157, -0.0315692, 0.00861907, -0.0315454, 0.00779276, -0.031435, 0.00704438, -0.0312415, 0.00636644, -0.030968, 0.00575217, -0.0306171, 0.00519542, -0.0301913, 0.00469062, -0.0296925, 0.00423273, -0.0291224, 0.00381716, -0.0284821, 0.00343977, -0.0277727, 0.00309677, -0.0269947, 0.00278475, -0.0261484, 0.00250057, -0.0252338, 0.00224139, -0.0242505, 0.00200463, -0.0231977, 0.00178792, -0.0220745, 0.00158908, -0.0208796, 0.00140614, -0.0196112, 0.00123726, -0.0182673, 0.00108075, -0.0168457, 0.000935043, -0.0153437, 0.000798691, -0.0137583, 0.000670326, -0.0120861, 0.000548664, -0.0103235, 0.000432488, -0.00846649, 0.000320638, -0.0065106, 0.000211994, -0.00445106, 0.000105469, -0.00228279
1.83885, -0.0227855, 0.0299277, 0.329413, -0.0246229, 0.029413, -0.0246229, -0.0154701, -0.0227854, 0.0299276, 1.85432, -1.64026e-07, 1.42927e-07, 0.3, 0, 0.029413, -0.0246229, 0.0266131, -0.0259115, 0.0240794, -0.0270449, 0.0217864, -0.0280319, 0.0197113, -0.0288806, 0.0178333, -0.0295989, 0.0161336, -0.030194, 0.0145953, -0.0306724, 0.0132029, -0.0310404, 0.0119426, -0.0313036, 0.0108017, -0.0314671, 0.00976878, -0.0315358, 0.00883357, -0.031514, 0.00798669, -0.0314054, 0.00721969, -0.0312137, 0.00652488, -0.0309418, 0.00589532, -0.0305926, 0.00532471, -0.0301684, 0.00480735, -0.029671, 0.00433806, -0.0291023, 0.00391216, -0.0284634, 0.00352537, -0.0277552, 0.00317384, -0.0269785, 0.00285405, -0.0261334, 0.0025628, -0.0252199, 0.00229717, -0.0242377, 0.00205452, -0.023186, 0.00183241, -0.0220638, 0.00162863, -0.0208698, 0.00144113, -0.0196023, 0.00126805, -0.0182594, 0.00110764, -0.0168387, 0.000958313, -0.0153375, 0.000818568, -0.0137529, 0.000687008, -0.0120815, 0.000562318, -0.0103197, 0.000443251, -0.00846347, 0.000328617, -0.00650832, 0.000217269, -0.00444952, 0.000108094, -0.00228374
1.8534, -0.0227659, 0.0298681, 0.330262, -0.0244738, 0.0302623, -0.0244738, -0.0159168, -0.0227657, 0.0298679, 1.86932, -1.61875e-07, 1.42927e-07, 0.3, 0, 0.0302623, -0.0244738, 0.0273815, -0.0257694, 0.0247746, -0.0269095, 0.0224154, -0.0279028, 0.0202804, -0.0287576, 0.0183482, -0.0294818, 0.0165995, -0.0300824, 0.0150167, -0.0305662, 0.0135842, -0.0309393, 0.0122874, -0.0312074, 0.0111136, -0.0313757, 0.0100508, -0.031449, 0.00908864, -0.0314314, 0.00821732, -0.0313271, 0.00742817, -0.0311394, 0.0067133, -0.0308714, 0.00606556, -0.030526, 0.00547848, -0.0301053, 0.00494618, -0.0296115, 0.00446335, -0.0290461, 0.00402515, -0.0284104, 0.0036272, -0.0277054, 0.00326552, -0.0269318, 0.0029365, -0.0260896, 0.00263684, -0.0251791, 0.00236355, -0.0241997, 0.0021139, -0.0231507, 0.00188539, -0.0220312, 0.00167573, -0.0208399, 0.00148282, -0.019575, 0.00130475, -0.0182346, 0.00113972, -0.0168164, 0.000986093, -0.0153177, 0.000842325, -0.0137356, 0.000706979, -0.0120667, 0.000578703, -0.0103073, 0.000456214, -0.00845351, 0.000338288, -0.00650081, 0.000223744, -0.00444789, 8.79585e-05, -0.00228188
1.86793, -0.0227576, 0.029835, 0.331153, -0.0243811, 0.0311527, -0.0243811, -0.0163851, -0.0227574, 0.0298348, 1.88432, -1.59724e-07, 1.42927e-07, 0.3, 0, 0.0311527, -0.0243811, 0.0281872, -0.0256815, 0.0255036, -0.0268262, 0.023075, -0.0278238, 0.0208771, -0.0286828, 0.0188881, -0.0294109, 0.0170879, -0.0300154, 0.0154586, -0.0305028, 0.0139839, -0.0308793, 0.012649, -0.0311507, 0.0114406, -0.0313221, 0.0103466, -0.0313984, 0.00935612, -0.0313837, 0.00845916, -0.0312821, 0.0076468, -0.031097, 0.00691091, -0.0308315, 0.00624413, -0.0304884, 0.00563979, -0.0300701, 0.00509184, -0.0295784, 0.00459481, -0.0290151, 0.00414374, -0.0283814, 0.0037341, -0.0276784, 0.0033618, -0.0269065, 0.00302311, -0.0260662, 0.00271466, -0.0251573, 0.00243336, -0.0241796, 0.00217639, -0.0231322, 0.00194118, -0.0220143, 0.00172539, -0.0208244, 0.00152685, -0.019561, 0.00134358, -0.018222, 0.00117374, -0.0168052, 0.00101564, -0.0153078, 0.000867697, -0.013727, 0.000728432, -0.0120594, 0.00059645, -0.0103013, 0.000470433, -0.00844865, 0.00034912, -0.00650219, 0.000185588, -0.00444678, 6.96844e-05, -0.00228759
1.8825, -0.0227462, 0.0297932, 0.331981, -0.0242674, 0.0319808, -0.0242674, -0.0168206, -0.0227461, 0.0297931, 1.89932, -1.57573e-07, 1.42927e-07, 0.3, 0, 0.0319808, -0.0242674, 0.0289365, -0.0255735, 0.0261815, -0.0267237, 0.0236884, -0.0277266, 0.0214321, -0.0285906, 0.0193902, -0.0293234, 0.0175422, -0.0299324, 0.0158696, -0.0304242, 0.0143557, -0.0308049, 0.0129854, -0.0310802, 0.0117449, -0.0312554, 0.0106218, -0.0313353, 0.009605, -0.0313241, 0.00868423, -0.0312257, 0.0078503, -0.0310438, 0.00709487, -0.0307814, 0.00641039, -0.0304412, 0.00579002, -0.0300256, 0.00522754, -0.0295366, 0.00471734, -0.0289759, 0.00425431, -0.0283447, 0.00383383, -0.027644, 0.00345169, -0.0268745, 0.00310406, -0.0260364, 0.00278747, -0.0251296, 0.00249876, -0.0241539, 0.00223503, -0.0231085, 0.00199366, -0.0219925, 0.00177222, -0.0208046, 0.0015685, -0.0195429, 0.00138047, -0.0182057, 0.00120625, -0.0167906, 0.00104408, -0.015295, 0.00089236, -0.0137158, 0.00074956, -0.0120498, 0.000614256, -0.0102933, 0.000485094, -0.00844883, 0.00029404, -0.00649931, 0.00015066, -0.00445704, 5.30217e-05, -0.00229744
1.89704, -0.022739, 0.0297609, 0.332853, -0.0241734, 0.0328525, -0.0241734, -0.0172789, -0.0227388, 0.0297607, 1.91432, -1.55422e-07, 1.42927e-07, 0.3, 0, 0.0328525, -0.0241734, 0.0297253, -0.0254846, 0.0268953, -0.0266395, 0.0243342, -0.0276469, 0.0220165, -0.0285153, 0.0199189, -0.0292523, 0.0180205, -0.0298652, 0.0163024, -0.0303607, 0.0147472, -0.0307449, 0.0133396, -0.0310236, 0.0120653, -0.0312021, 0.0109117, -0.031285, 0.00986719, -0.0312767, 0.00892137, -0.0311812, 0.00806475, -0.0310019, 0.00728879, -0.0307421, 0.00658571, -0.0304043, 0.00594849, -0.029991, 0.00537076, -0.0295043, 0.00484673, -0.0289457, 0.00437117, -0.0283165, 0.00393932, -0.0276177, 0.00354687, -0.02685, 0.00318988, -0.0260137, 0.00286479, -0.0251086, 0.00256835, -0.0241346, 0.00229759, -0.0230908, 0.00204981, -0.0219763, 0.00182253, -0.0207898, 0.00161347, -0.0195296, 0.00142055, -0.0181937, 0.00124184, -0.0167799, 0.00107554, -0.0152855, 0.000919995, -0.0137076, 0.000773652, -0.0120428, 0.000635044, -0.0102955, 0.000416136, -0.00844661, 0.00024522, -0.0065154, 0.000119866, -0.00447692, 3.84142e-05, -0.00231219
1.91161, -0.0227404, 0.0297502, 0.333674, -0.0241273, 0.0336743, -0.0241273, -0.017711, -0.0227402, 0.02975, 1.92932, -1.53271e-07, 1.42927e-07, 0.3, 0, 0.0336743, -0.0241273, 0.0304689, -0.0254416, 0.0275681, -0.0265994, 0.024943, -0.0276096, 0.0225674, -0.0284805, 0.0204174, -0.0292199, 0.0184716, -0.0298351, 0.0167105, -0.0303328, 0.0151165, -0.0307191, 0.0136737, -0.0309998, 0.0123676, -0.03118, 0.0111852, -0.0312646, 0.0101147, -0.031258, 0.00914528, -0.031164, 0.00826733, -0.0309861, 0.00747205, -0.0307276, 0.00675149, -0.030391, 0.00609845, -0.0299789, 0.00550639, -0.0294933, 0.0049694, -0.0289357, 0.0044821, -0.0283075, 0.00403962, -0.0276096, 0.00363753, -0.0268427, 0.00327183, -0.0260071, 0.00293884, -0.0251028, 0.00263524, -0.0241294, 0.00235799, -0.0230862, 0.00210432, -0.0219722, 0.00187169, -0.0207862, 0.00165778, -0.0195265, 0.00146045, -0.018191, 0.00127772, -0.0167776, 0.00110778, -0.0152835, 0.000948904, -0.0137059, 0.00079952, -0.0120507, 0.000552607, -0.0102972, 0.000354294, -0.008471, 0.000201659, -0.00654701, 9.25386e-05, -0.00450731, 2.55259e-05, -0.0023323
1.92617, -0.0227407, 0.029741, 0.334502, -0.0240912, 0.0345023, -0.0240912, -0.0181461, -0.0227406, 0.0297408, 1.94432, -1.5112e-07, 1.42927e-07, 0.3, 0, 0.0345023, -0.0240912, 0.0312181, -0.0254077, 0.0282461, -0.0265677, 0.0255565, -0.0275799, 0.0231225, -0.0284528, 0.0209198, -0.0291941, 0.0189262, -0.029811, 0.0171219, -0.0303103, 0.0154888, -0.0306981, 0.0140106, -0.0309803, 0.0126725, -0.0311619, 0.0114612, -0.0312478, 0.0103644, -0.0312423, 0.00937132, -0.0311495, 0.00847193, -0.0309727, 0.00765725, -0.0307151, 0.00691915, -0.0303796, 0.00625024, -0.0299684, 0.00564383, -0.0294835, 0.00509387, -0.0289267, 0.00459483, -0.0282992, 0.00414175, -0.027602, 0.00373009, -0.0268358, 0.00335572, -0.0260008, 0.00301492, -0.025097, 0.00270426, -0.0241241, 0.00242065, -0.0230813, 0.00216124, -0.0219678, 0.00192344, -0.0207822, 0.00170488, -0.0195228, 0.00150337, -0.0181876, 0.00131689, -0.0167745, 0.00114358, -0.0152807, 0.000981703, -0.0137139, 0.000706272, -0.0120517, 0.000480334, -0.0103259, 0.000300488, -0.00851117, 0.000164076, -0.00659061, 6.91788e-05, -0.00454582, 1.46183e-05, -0.00235654
1.9407, -0.0227435, 0.0297455, 0.335399, -0.0240974, 0.0353987, -0.0240974, -0.018617, -0.0227433, 0.0297453, 1.95932, -1.48969e-07, 1.42927e-07, 0.3, 0, 0.0353987, -0.0240974, 0.0320293, -0.0254138, 0.0289802, -0.0265737, 0.0262208, -0.0275858, 0.0237237, -0.0284586, 0.0214638, -0.0291997, 0.0194186, -0.0298165, 0.0175675, -0.0303157, 0.0158922, -0.0307034, 0.0143757, -0.0309853, 0.013003, -0.0311668, 0.0117604, -0.0312525, 0.0106353, -0.0312469, 0.00961658, -0.0311539, 0.00869403, -0.0309769, 0.00785842, -0.0307192, 0.0071014, -0.0303834, 0.0064154, -0.029972, 0.00579354, -0.029487, 0.00522962, -0.0289299, 0.004718, -0.0283022, 0.00425356, -0.0276048, 0.00383165, -0.0268383, 0.00344806, -0.0260031, 0.00309896, -0.0250991, 0.00278084, -0.0241259, 0.00249052, -0.0230829, 0.00222512, -0.0219691, 0.00198196, -0.0207831, 0.00175863, -0.0195234, 0.00155288, -0.018188, 0.00136266, -0.0167745, 0.00118607, -0.0152923, 0.000881066, -0.0137172, 0.000626783, -0.012087, 0.000419336, -0.010376, 0.000255585, -0.00856852, 0.000133106, -0.00664724, 5.01992e-05, -0.00459314, 5.89326e-06, -0.00238527
1.9552, -0.022752, 0.0297721, 0.336349, -0.0241644, 0.036349, -0.0241644, -0.0191161, -0.0227518, 0.029772, 1.97432, -1.46818e-07, 1.42927e-07, 0.3, 0, 0.036349, -0.0241644, 0.0328893, -0.0254776, 0.0297585, -0.0266344, 0.0269252, -0.0276435, 0.0243612, -0.0285134, 0.0220408, -0.0292519, 0.0199409, -0.029866, 0.0180403, -0.0303627, 0.0163201, -0.030748, 0.0147632, -0.0310276, 0.0133538, -0.0312068, 0.012078, -0.0312904, 0.010923, -0.0312827, 0.00987725, -0.0311877, 0.00893024, -0.0310088, 0.00807254, -0.0307492, 0.00729556, -0.0304117, 0.00659153, -0.0299985, 0.00595342, -0.0295118, 0.00537485, -0.0289531, 0.00485002, -0.0283238, 0.00437369, -0.0276249, 0.0039411, -0.0268569, 0.00354792, -0.0260202, 0.00319023, -0.0251147, 0.00286443, -0.0241401, 0.00256728, -0.0230957, 0.0022958, -0.0219805, 0.00204727, -0.0207932, 0.00181922, -0.0195322, 0.00160937, -0.0181954, 0.0014156, -0.0167937, 0.0010797, -0.0153014, 0.000796103, -0.0137619, 0.000560447, -0.0121493, 0.000369111, -0.0104487, 0.000219182, -0.00864416, 0.000108448, -0.00671775, 3.53969e-05, -0.00464986, -7.52447e-07, -0.00241878
1.96964, -0.0227635, 0.0298099, 0.337417, -0.0242616, 0.0374175, -0.0242616, -0.019677, -0.0227633, 0.0298097, 1.98932, -1.44667e-07, 1.42927e-07, 0.3, 0, 0.0374175, -0.0242616, 0.0338563, -0.02557, 0.0306336, -0.0267222, 0.0277173, -0.0277269, 0.0250781, -0.0285926, 0.0226898, -0.029327, 0.0205283, -0.0299373, 0.0185721, -0.0304302, 0.0168016, -0.0308119, 0.0151992, -0.0310881, 0.0137487, -0.0312641, 0.0124357, -0.0313445, 0.0112471, -0.0313338, 0.010171, -0.0312359, 0.00919655, -0.0310542, 0.00831408, -0.0307919, 0.00751475, -0.0304517, 0.00679057, -0.030036, 0.0061343, -0.0295468, 0.00553937, -0.0289857, 0.00499983, -0.0283541, 0.00451029, -0.0276529, 0.00406586, -0.0268827, 0.00366208, -0.0260439, 0.00329492, -0.0251363, 0.00296071, -0.0241596, 0.00265611, -0.0231132, 0.00237808, -0.021996, 0.00212382, -0.0208068, 0.0018908, -0.0195438, 0.00167668, -0.0182194, 0.00130787, -0.0168063, 0.000993348, -0.0153533, 0.000728265, -0.0138343, 0.000508523, -0.0122354, 0.000330723, -0.0105415, 0.000192147, -0.00873602, 9.07596e-05, -0.00680058, 2.52196e-05, -0.00471492, -5.09076e-06, -0.00245654
1.98408, -0.0227566, 0.0298023, 0.338474, -0.0242584, 0.0384743, -0.0242584, -0.0202314, -0.0227565, 0.0298022, 2.00432, -1.42516e-07, 1.42927e-07, 0.3, 0, 0.0384743, -0.0242584, 0.0348127, -0.0255659, 0.0314993, -0.0267173, 0.0285009, -0.0277214, 0.0257875, -0.0285864, 0.0233319, -0.0293202, 0.0211097, -0.0299299, 0.0190986, -0.0304223, 0.0172785, -0.0308036, 0.0156311, -0.0310794, 0.0141401, -0.0312549, 0.0127905, -0.031335, 0.0115687, -0.0313239, 0.0104627, -0.0312256, 0.00946128, -0.0310436, 0.00855448, -0.0307811, 0.00773322, -0.0304406, 0.0069893, -0.0300247, 0.00631526, -0.0295353, 0.00570439, -0.028974, 0.00515055, -0.0283422, 0.00464822, -0.0276409, 0.00419237, -0.0268705, 0.00377845, -0.0260315, 0.00340231, -0.0251238, 0.0030602, -0.024147, 0.00274868, -0.0231005, 0.00246466, -0.0219832, 0.00220528, -0.0207938, 0.00196795, -0.0195461, 0.00156473, -0.0182114, 0.00121811, -0.0168434, 0.000922759, -0.015416, 0.00067411, -0.013916, 0.000468279, -0.0123294, 0.000302063, -0.0106408, 0.000172916, -0.00883302, 7.89606e-05, -0.00688724, 1.90022e-05, -0.00478251, -7.42736e-06, -0.00249556
1.99853, -0.0227493, 0.0297934, 0.339532, -0.0242514, 0.0395318, -0.0242514, -0.0207858, -0.0227491, 0.0297932, 2.01932, -1.40365e-07, 1.42927e-07, 0.3, 0, 0.0395318, -0.0242514, 0.03577, -0.0255583, 0.0323658, -0.026709, 0.0292853, -0.0277124, 0.0264977, -0.0285769, 0.023975, -0.0293101, 0.0216921, -0.0299194, 0.0196261, -0.0304113, 0.0177564, -0.0307921, 0.0160642, -0.0310675, 0.0145327, -0.0312427, 0.0131465, -0.0313224, 0.0118918, -0.031311, 0.010756, -0.0312124, 0.00972774, -0.0310302, 0.00879676, -0.0307673, 0.00795376, -0.0304266, 0.00719029, -0.0300105, 0.00649873, -0.0295208, 0.00587215, -0.0289594, 0.0053043, -0.0283273, 0.00478948, -0.0276258, 0.00432257, -0.0268552, 0.00389887, -0.026016, 0.00351417, -0.0251081, 0.00316461, -0.0241311, 0.0028467, -0.0230843, 0.00255725, -0.0219668, 0.00229337, -0.0207937, 0.00185362, -0.0195349, 0.00147319, -0.0182489, 0.00114626, -0.0169094, 0.000867778, -0.0155041, 0.000633388, -0.01402, 0.000439406, -0.0124426, 0.000282794, -0.0107561, 0.000161157, -0.00894291, 7.27498e-05, -0.00698363, 1.65098e-05, -0.00485665, -7.89764e-06, -0.00253789
2.01306, -0.0227455, 0.0297925, 0.340427, -0.0242603, 0.0404274, -0.0242603, -0.0212546, -0.0227454, 0.0297923, 2.03432, -1.38213e-07, 1.42927e-07, 0.3, 0, 0.0404274, -0.0242603, 0.0365807, -0.0255658, 0.0330999, -0.0267152, 0.02995, -0.0277174, 0.0270997, -0.0285807, 0.0245204, -0.0293128, 0.0221862, -0.029921, 0.020074, -0.0304119, 0.0181624, -0.0307918, 0.0164325, -0.0310662, 0.0148669, -0.0312405, 0.01345, -0.0313194, 0.0121676, -0.0313071, 0.0110069, -0.0312077, 0.00995621, -0.0310247, 0.0090051, -0.0307611, 0.00814405, -0.0304196, 0.00736443, -0.0300027, 0.00665846, -0.0295123, 0.00601908, -0.0289501, 0.00543989, -0.0283174, 0.00491509, -0.0276151, 0.00443945, -0.0268438, 0.0040082, -0.0260039, 0.00361703, -0.0250952, 0.00326203, -0.0241175, 0.00293966, -0.02307, 0.00264667, -0.0219691, 0.00216892, -0.0207837, 0.00175356, -0.0195766, 0.00139427, -0.0183213, 0.00108552, -0.0170066, 0.000822499, -0.01562, 0.000601052, -0.0141483, 0.000417663, -0.0125766, 0.000269442, -0.0108887, 0.000154125, -0.00906672, 7.00894e-05, -0.00709052, 1.63917e-05, -0.00493785, -7.17562e-06, -0.0025838
2.02763, -0.0227434, 0.0297932, 0.341257, -0.0242685, 0.0412568, -0.0242685, -0.021688, -0.0227433, 0.0297931, 2.04932, -1.36062e-07, 1.42927e-07, 0.3, 0, 0.0412568, -0.0242685, 0.0373318, -0.0255728, 0.03378, -0.026721, 0.0305661, -0.0277221, 0.0276579, -0.0285843, 0.0250262, -0.0293154, 0.0226448, -0.0299225, 0.0204898, -0.0304125, 0.0185397, -0.0307914, 0.016775, -0.0310649, 0.0151781, -0.0312382, 0.013733, -0.0313162, 0.0124252, -0.0313031, 0.0112416, -0.0312028, 0.0101705, -0.0310189, 0.00920105, -0.0307544, 0.00832362, -0.0304121, 0.00752943, -0.0299943, 0.00681054, -0.029503, 0.00615975, -0.02894, 0.00557056, -0.0283063, 0.00503707, -0.0276031, 0.00455395, -0.0268309, 0.00411638, -0.02599, 0.00371997, -0.0250804, 0.00336075, -0.0241017, 0.00303515, -0.0230715, 0.00251703, -0.0219575, 0.00206477, -0.0208268, 0.00167155, -0.0196527, 0.00133136, -0.0184248, 0.00103891, -0.0171315, 0.000789587, -0.0157604, 0.000579413, -0.0142979, 0.000405019, -0.0127288, 0.000263641, -0.0110366, 0.000153126, -0.00920269, 7.19586e-05, -0.00720655, 1.93029e-05, -0.00502517, -4.93212e-06, -0.0026328
2.04229, -0.022742, 0.0297928, 0.341915, -0.0242684, 0.0419151, -0.0242684, -0.0220308, -0.0227419, 0.0297927, 2.06432, -1.33911e-07, 1.42927e-07, 0.3, 0, 0.0419151, -0.0242684, 0.0379281, -0.0255719, 0.0343204, -0.0267195, 0.0310558, -0.0277198, 0.0281018, -0.0285813, 0.0254289, -0.0293117, 0.0230102, -0.0299182, 0.0208216, -0.0304074, 0.0188413, -0.0307856, 0.0170494, -0.0310584, 0.0154279, -0.031231, 0.0139607, -0.0313083, 0.0126332, -0.0312944, 0.011432, -0.0311934, 0.0103451, -0.0310087, 0.00936161, -0.0307434, 0.00847177, -0.0304003, 0.00766664, -0.0299817, 0.00693819, -0.0294896, 0.00627912, -0.0289256, 0.00568283, -0.028291, 0.00514338, -0.0275868, 0.00465536, -0.0268136, 0.00421389, -0.0259717, 0.00381457, -0.025061, 0.00345338, -0.0241003, 0.00289306, -0.0230562, 0.0024024, -0.0219998, 0.00197408, -0.0209044, 0.00160162, -0.0197601, 0.00127925, -0.0185563, 0.00100192, -0.0172814, 0.000765175, -0.0159229, 0.000565201, -0.0144666, 0.000398754, -0.0128973, 0.000263183, -0.0111978, 0.000156434, -0.0093493, 7.70892e-05, -0.00733052, 2.44112e-05, -0.00511777, -1.57795e-06, -0.00268445
2.0569, -0.0227449, 0.0297988, 0.342655, -0.0242757, 0.0426548, -0.0242757, -0.0224158, -0.0227447, 0.0297986, 2.07932, -1.3176e-07, 1.42927e-07, 0.3, 0, 0.0426548, -0.0242757, 0.0385982, -0.0255784, 0.0349276, -0.0267252, 0.0316062, -0.0277247, 0.0286009, -0.0285854, 0.0258816, -0.0293149, 0.0234212, -0.0299205, 0.0211949, -0.0304089, 0.0191806, -0.0307862, 0.0173581, -0.0310581, 0.0157092, -0.0312297, 0.0142173, -0.031306, 0.0128677, -0.0312912, 0.0116467, -0.0311891, 0.0105422, -0.0310033, 0.00954309, -0.030737, 0.00863943, -0.0303927, 0.00782216, -0.0299729, 0.00708311, -0.0294796, 0.0064149, -0.0289143, 0.00581083, -0.0282784, 0.00526487, -0.0275729, 0.00477156, -0.0267982, 0.00432597, -0.0259548, 0.00392363, -0.0250624, 0.00331678, -0.0240869, 0.00278394, -0.0231029, 0.00231726, -0.0220836, 0.00190975, -0.0210198, 0.00155517, -0.0199018, 0.00124798, -0.0187188, 0.000983292, -0.0174591, 0.00075682, -0.0161098, 0.000564856, -0.0146566, 0.000404262, -0.0130839, 0.00027247, -0.0113741, 0.000167509, -0.00950786, 8.80358e-05, -0.00746342, 3.33989e-05, -0.00521634, 3.72008e-06, -0.00273908
2.07157, -0.0227585, 0.0298289, 0.343288, -0.0243314, 0.0432876, -0.0243314, -0.0227438, -0.0227584, 0.0298288, 2.09432, -1.29609e-07, 1.42927e-07, 0.3, 0, 0.0432876, -0.0243314, 0.0391717, -0.0256315, 0.0354475, -0.0267756, 0.0320779, -0.0277725, 0.0290289, -0.0286306, 0.0262703, -0.0293576, 0.0237744, -0.0299608, 0.0215162, -0.0304467, 0.0194732, -0.0308215, 0.0176249, -0.0310909, 0.0159529, -0.0312602, 0.0144404, -0.031334, 0.0130723, -0.0313167, 0.0118349, -0.0312122, 0.0107159, -0.0310239, 0.00970406, -0.0307551, 0.00878924, -0.0304083, 0.00796231, -0.0299859, 0.007215, -0.02949, 0.00653985, -0.0289221, 0.00593009, -0.0282836, 0.00537963, -0.0275753, 0.00488297, -0.0267978, 0.00443514, -0.0259723, 0.00377841, -0.0250633, 0.00320051, -0.0241492, 0.00269303, -0.0232031, 0.00224845, -0.0222164, 0.00186005, -0.0211802, 0.0015218, -0.0200844, 0.00122837, -0.0189182, 0.000975019, -0.0176697, 0.000757573, -0.0163257, 0.00057243, -0.0148718, 0.000416535, -0.0132919, 0.000287394, -0.0115681, 0.000183101, -0.00968062, 0.000102381, -0.00760697, 4.46616e-05, -0.00532202, 1.01598e-05, -0.00279731
2.08621, -0.0227536, 0.0298103, 0.343995, -0.0242753, 0.0439954, -0.0242753, -0.0231104, -0.0227534, 0.0298101, 2.10932, -1.27458e-07, 1.42927e-07, 0.3, 0, 0.0439954, -0.0242753, 0.0398133, -0.0255773, 0.0360293, -0.0267232, 0.0326056, -0.0277218, 0.0295079, -0.0285815, 0.0267053, -0.0293099, 0.0241698, -0.0299143, 0.021876, -0.0304013, 0.0198009, -0.0307771, 0.0179239, -0.0310475, 0.0162261, -0.0312175, 0.0146905, -0.031292, 0.0133019, -0.0312752, 0.0120462, -0.0311711, 0.0109111, -0.0309832, 0.00988501, -0.0307145, 0.00895781, -0.0303678, 0.00812018, -0.0299454, 0.00736375, -0.0294492, 0.00668096, -0.0288811, 0.00606498, -0.0282421, 0.00550965, -0.0275332, 0.00500942, -0.0267766, 0.00429765, -0.025936, 0.00367008, -0.025093, 0.00311772, -0.0242206, 0.0026325, -0.0233109, 0.00220718, -0.0223557, 0.00183525, -0.0213457, 0.00151091, -0.020271, 0.00122895, -0.0191204, 0.000984746, -0.0178821, 0.000774242, -0.0165425, 0.000593903, -0.0150871, 0.000440735, -0.0134993, 0.000312295, -0.0117611, 0.000206725, -0.00985197, 0.000122803, -0.00774907, 6.00173e-05, -0.00542647, 1.86709e-05, -0.00285479
2.10087, -0.022739, 0.0297646, 0.344649, -0.0241545, 0.0446488, -0.0241545, -0.0234476, -0.0227389, 0.0297644, 2.12432, -1.25307e-07, 1.42927e-07, 0.3, 0, 0.0446488, -0.0241545, 0.0404058, -0.0254612, 0.0365668, -0.0266116, 0.0330935, -0.0276143, 0.0299511, -0.0284779, 0.0271082, -0.02921, 0.0245364, -0.0298179, 0.02221, -0.0303082, 0.0201057, -0.0306871, 0.0182024, -0.0309602, 0.0164812, -0.0311329, 0.0149248, -0.0312098, 0.0135176, -0.0311952, 0.0122456, -0.0310932, 0.011096, -0.0309071, 0.0100575, -0.0306401, 0.00911944, -0.0302948, 0.00827262, -0.0298737, 0.00750853, -0.0293787, 0.00681952, -0.0288115, 0.00619871, -0.0281733, 0.00563988, -0.0274871, 0.00486843, -0.0267163, 0.00418707, -0.0259449, 0.00358621, -0.0251462, 0.00305718, -0.0243131, 0.00259221, -0.0234377, 0.00218432, -0.0225117, 0.0018272, -0.0215258, 0.00151519, -0.02047, 0.00124321, -0.0193331, 0.00100676, -0.018103, 0.000801838, -0.0167661, 0.000624971, -0.0153075, 0.00047321, -0.0137105, 0.000344152, -0.0119565, 0.000235974, -0.0100249, 0.000147495, -0.00789197, 7.8258e-05, -0.00553121, 2.86445e-05, -0.00291231
2.11565, -0.0227284, 0.0297265, 0.345081, -0.0240478, 0.0450808, -0.0240478, -0.0236674, -0.0227282, 0.0297263, 2.13932, -1.23156e-07, 1.42927e-07, 0.3, 0, 0.0450808, -0.0240478, 0.0407981, -0.0253586, 0.0369234, -0.0265128, 0.0334179, -0.0275192, 0.0302466, -0.0283861, 0.0273778, -0.0291214, 0.0247828, -0.0297321, 0.0224355, -0.0302251, 0.0203127, -0.0306065, 0.018393, -0.0308819, 0.0166572, -0.0310566, 0.0150879, -0.0311353, 0.0136696, -0.0311224, 0.0123879, -0.0310218, 0.0112301, -0.030837, 0.0101847, -0.030571, 0.00924104, -0.0302267, 0.00838982, -0.0298063, 0.0076225, -0.0293118, 0.00693141, -0.0287449, 0.00630963, -0.0281294, 0.00547526, -0.0274282, 0.00473728, -0.0267279, 0.00408545, -0.0260019, 0.00351052, -0.0252435, 0.00300418, -0.0244458, 0.00255892, -0.0236009, 0.00216797, -0.0227004, 0.00182521, -0.0217352, 0.00152511, -0.0206949, 0.00126273, -0.0195685, 0.00103363, -0.0183435, 0.000833869, -0.0170063, 0.00066004, -0.0155417, 0.000509226, -0.0139328, 0.000379054, -0.0121608, 0.000267734, -0.0102044, 0.000174125, -0.00803952, 9.78245e-05, -0.00563889, 3.92958e-05, -0.00297122
2.13053, -0.0227148, 0.0296799, 0.345326, -0.0239207, 0.0453257, -0.0239207, -0.0237879, -0.0227147, 0.0296797, 2.15432, -1.21005e-07, 1.42927e-07, 0.3, 0, 0.0453257, -0.0239207, 0.0410214, -0.0252364, 0.0371272, -0.0263951, 0.0336044, -0.0274058, 0.0304176, -0.0282767, 0.027535, -0.0290156, 0.0249277, -0.0296299, 0.0225697, -0.030126, 0.0204374, -0.0305103, 0.0185095, -0.0307885, 0.0167666, -0.0309656, 0.0151915, -0.0310466, 0.0137682, -0.0310358, 0.0124827, -0.0309369, 0.0113219, -0.0307537, 0.0102744, -0.030489, 0.00932963, -0.0301458, 0.00847815, -0.0297263, 0.00771145, -0.0292324, 0.00702186, -0.0286892, 0.00612103, -0.0280586, 0.00532329, -0.0274299, 0.00461772, -0.0267765, 0.00399448, -0.0260923, 0.00344471, -0.0253709, 0.00296037, -0.0246053, 0.0025342, -0.0237879, 0.00215964, -0.02291, 0.00183071, -0.0219625, 0.00154203, -0.0209351, 0.00128874, -0.0198165, 0.00106648, -0.0185942, 0.000871375, -0.0172544, 0.00070004, -0.0157819, 0.000549596, -0.0141594, 0.000417694, -0.0123678, 0.000302575, -0.0103855, 0.000203131, -0.00818786, 0.000119018, -0.00574681, 5.07801e-05, -0.00303013
2.14556, -0.0226986, 0.0296264, 0.345287, -0.0237782, 0.0452865, -0.0237782, -0.023758, -0.0226985, 0.0296262, 2.16932, -1.18854e-07, 1.42927e-07, 0.3, 0, 0.0452865, -0.0237782, 0.0409878, -0.0250991, 0.0370989, -0.0262627, 0.0335811, -0.027278, 0.030399, -0.0281532, 0.0275209, -0.0288962, 0.024918, -0.0295141, 0.0225643, -0.0300137, 0.0204363, -0.0304012, 0.0185126, -0.0306823, 0.0167741, -0.0308621, 0.0152033, -0.0309454, 0.0137845, -0.0309367, 0.0125036, -0.0308397, 0.0113477, -0.0306581, 0.0103052, -0.0303949, 0.00936586, -0.0300527, 0.00852014, -0.0296341, 0.00775963, -0.0291646, 0.00679036, -0.0286061, 0.00593112, -0.0280496, 0.00517031, -0.0274689, 0.0044975, -0.0268584, 0.00390324, -0.0262125, 0.003379, -0.0255247, 0.00291704, -0.0247881, 0.00251032, -0.0239948, 0.00215246, -0.0231365, 0.00183765, -0.0222039, 0.00156062, -0.0211866, 0.0013166, -0.0200732, 0.00110129, -0.0188513, 0.000910884, -0.017507, 0.000742025, -0.0160247, 0.000591862, -0.0143872, 0.000458074, -0.012575, 0.000338928, -0.010566, 0.000233359, -0.00833521, 0.000141077, -0.00585374, 6.27207e-05, -0.00308838
2.16073, -0.0226794, 0.0295667, 0.344976, -0.0236243, 0.0449756, -0.0236243, -0.0235842, -0.0226793, 0.0295665, 2.18432, -1.16703e-07, 1.42927e-07, 0.3, 0, 0.0449756, -0.0236243, 0.0407085, -0.0249505, 0.0368485, -0.0261191, 0.033357, -0.027139, 0.030199, -0.0280185, 0.0273431, -0.0287655, 0.0247605, -0.0293872, 0.0224256, -0.0298903, 0.0203149, -0.0302809, 0.0184074, -0.0305648, 0.016684, -0.0307473, 0.0151274, -0.0308329, 0.013722, -0.0308263, 0.0124539, -0.0307311, 0.0113103, -0.0305509, 0.0102799, -0.0302889, 0.0093522, -0.0299478, 0.00851805, -0.029554, 0.00747874, -0.0290689, 0.00655659, -0.0285857, 0.00573932, -0.0280781, 0.00501589, -0.0275413, 0.00437629, -0.0269702, 0.00381148, -0.0263589, 0.00331324, -0.0257012, 0.00287409, -0.0249901, 0.00248722, -0.0242179, 0.00214642, -0.0233762, 0.00184604, -0.0224555, 0.0015809, -0.0214456, 0.00134634, -0.0203351, 0.00113811, -0.0191115, 0.000952449, -0.0177607, 0.000786045, -0.0162671, 0.000636073, -0.0146134, 0.000500235, -0.0127798, 0.00037683, -0.0107438, 0.000264834, -0.00847992, 0.000164022, -0.00595852, 7.51271e-05, -0.00314538
2.17603, -0.0226582, 0.0295038, 0.344423, -0.0234671, 0.0444231, -0.0234671, -0.0232824, -0.0226581, 0.0295036, 2.19932, -1.14552e-07, 1.42927e-07, 0.3, 0, 0.0444231, -0.0234671, 0.0402109, -0.0247982, 0.0364007, -0.0259714, 0.0329546, -0.0269956, 0.029838, -0.0278791, 0.0270198, -0.0286298, 0.0244717, -0.0292549, 0.0221684, -0.029761, 0.0200868, -0.0301545, 0.0182061, -0.0304409, 0.0165074, -0.0306256, 0.0149738, -0.0307132, 0.0135899, -0.0307082, 0.0123419, -0.0306144, 0.0112174, -0.0304354, 0.010205, -0.0301743, 0.00929467, -0.0298582, 0.00818385, -0.0294483, 0.00719748, -0.0290394, 0.00632262, -0.0286055, 0.00554758, -0.0281424, 0.00486182, -0.0276456, 0.00425577, -0.0271098, 0.00372075, -0.0265294, 0.00324884, -0.0258982, 0.00283282, -0.0252092, 0.00246609, -0.0244548, 0.0021426, -0.0236264, 0.00185684, -0.0227149, 0.00160375, -0.0217097, 0.00137873, -0.0205997, 0.0011776, -0.0193722, 0.000996652, -0.0180132, 0.000832598, -0.016507, 0.000682641, -0.0148361, 0.000544513, -0.0129805, 0.000416541, -0.0109175, 0.000297748, -0.00862085, 0.000187975, -0.00606034, 8.80598e-05, -0.00320071
2.19146, -0.0226516, 0.0294819, 0.343639, -0.0234077, 0.0436392, -0.0234077, -0.0228578, -0.0226514, 0.0294818, 2.21432, -1.12401e-07, 1.42927e-07, 0.3, 0, 0.0436392, -0.0234077, 0.039504, -0.0247389, 0.0357639, -0.0259121, 0.0323814, -0.0269361, 0.0293227, -0.0278193, 0.0265572, -0.0285695, 0.0240574, -0.0291939, 0.021798, -0.0296993, 0.0197567, -0.0300918, 0.017913, -0.0303771, 0.0162483, -0.0305604, 0.0147462, -0.0306466, 0.0133915, -0.0306399, 0.0121707, -0.0305442, 0.0110716, -0.0303631, 0.0100833, -0.0301244, 0.0088997, -0.0297893, 0.00784799, -0.0294537, 0.00691456, -0.0290922, 0.00608711, -0.028701, 0.00535453, -0.0282762, 0.00470674, -0.0278132, 0.00413458, -0.027307, 0.0036297, -0.026752, 0.00318449, -0.026142, 0.00279195, -0.02547, 0.00244569, -0.0247284, 0.00213981, -0.0239088, 0.00186893, -0.0230018, 0.00162809, -0.0219972, 0.00141276, -0.0208837, 0.00121884, -0.0196487, 0.00104263, -0.0182782, 0.000880901, -0.0167565, 0.00073087, -0.0150659, 0.000590298, -0.0131862, 0.000457549, -0.0110944, 0.000331694, -0.00876375, 0.00021265, -0.00616319, 0.000101365, -0.00325642
2.20695, -0.0226553, 0.0294912, 0.34273, -0.0234265, 0.0427296, -0.0234265, -0.0223661, -0.0226552, 0.0294911, 2.22932, -1.10249e-07, 1.42927e-07, 0.3, 0, 0.0427296, -0.0234265, 0.0386837, -0.0247537, 0.0350246, -0.0259229, 0.0317158, -0.026943, 0.0287241, -0.0278222, 0.0260196, -0.0285684, 0.0235754, -0.0291888, 0.0213669, -0.0296901, 0.0193721, -0.0300785, 0.017571, -0.0303595, 0.0159456, -0.0305386, 0.0144796, -0.0306203, 0.0131585, -0.0306091, 0.0119689, -0.0305088, 0.0108991, -0.030348, 0.0096399, -0.0300876, 0.00852039, -0.0298251, 0.00752618, -0.0295352, 0.00664435, -0.0292148, 0.00586322, -0.0288605, 0.00517218, -0.0284683, 0.0045616, -0.0280338, 0.00402269, -0.0275519, 0.00354742, -0.0270173, 0.00312842, -0.0264235, 0.00275894, -0.0257637, 0.00243275, -0.0250304, 0.00214411, -0.0242152, 0.00188774, -0.0233087, 0.00165876, -0.0223009, 0.00145273, -0.0211804, 0.00126557, -0.0199348, 0.00109365, -0.0185501, 0.000933748, -0.0170105, 0.000783109, -0.0152983, 0.000639519, -0.0133931, 0.000501377, -0.0112714, 0.000367805, -0.00890606, 0.000238796, -0.00626527, 0.000115417, -0.00331158
2.22255, -0.0226301, 0.0294327, 0.341625, -0.0233033, 0.0416249, -0.0233033, -0.0217712, -0.02263, 0.0294326, 2.24432, -1.08098e-07, 1.42927e-07, 0.3, 0, 0.0416249, -0.0233033, 0.0376869, -0.0246315, 0.0341258, -0.0258015, 0.0309059, -0.0268222, 0.0279951, -0.0277019, 0.0253642, -0.0284484, 0.022987, -0.0290689, 0.0208397, -0.0295701, 0.0189007, -0.0299581, 0.0171508, -0.0302387, 0.0155724, -0.030417, 0.0141496, -0.0304978, 0.0128684, -0.0304853, 0.0117159, -0.0304088, 0.0103817, -0.0302293, 0.00919479, -0.030045, 0.00814014, -0.0298313, 0.0072042, -0.0295855, 0.00637474, -0.0293048, 0.00564064, -0.0289859, 0.00499182, -0.028625, 0.00441907, -0.0282176, 0.00391396, -0.0277589, 0.00346877, -0.0272433, 0.00307641, -0.0266648, 0.00273031, -0.0260164, 0.00242444, -0.0252906, 0.0021532, -0.0244793, 0.00191141, -0.0235733, 0.00169431, -0.0225624, 0.00149749, -0.0214357, 0.00131696, -0.0201806, 0.00114909, -0.0187833, 0.000990707, -0.0172281, 0.000839081, -0.0154972, 0.000692025, -0.0135699, 0.00054797, -0.0114228, 0.000406092, -0.00902794, 0.00026646, -0.00635288, 0.000130263, -0.00335908
2.23839, -0.0226239, 0.0294249, 0.340043, -0.0232873, 0.0400432, -0.0232873, -0.0209247, -0.0226238, 0.0294247, 2.25932, -1.05947e-07, 1.42927e-07, 0.3, 0, 0.0400432, -0.0232873, 0.0362587, -0.0246108, 0.0328368, -0.0257763, 0.0297432, -0.0267923, 0.0269471, -0.0276673, 0.0244205, -0.0284091, 0.022138, -0.0290247, 0.0200769, -0.029521, 0.0182166, -0.029904, 0.0165385, -0.0301794, 0.0150258, -0.0303524, 0.0136633, -0.0304277, 0.0124374, -0.030435, 0.011037, -0.0303357, 0.00979067, -0.0302284, 0.00868285, -0.0300892, 0.00769945, -0.0299162, 0.00682774, -0.0297069, 0.00605615, -0.0294588, 0.00537421, -0.0291684, 0.00477233, -0.0288322, 0.00424176, -0.0284457, 0.00377445, -0.0280042, 0.00336302, -0.0275021, 0.00300063, -0.0269333, 0.00268097, -0.0262912, 0.00239819, -0.0255684, 0.00214684, -0.0247567, 0.0019219, -0.0238471, 0.00171868, -0.0228297, 0.00153288, -0.0216936, 0.00136056, -0.0204265, 0.00119816, -0.0190146, 0.00104253, -0.0174423, 0.000890997, -0.0156916, 0.000741408, -0.0137419, 0.000592249, -0.0115693, 0.000442761, -0.00914555, 0.000293113, -0.00643726, 0.000144628, -0.0034048
2.25452, -0.0226224, 0.0294307, 0.337929, -0.0232856, 0.0379287, -0.0232856, -0.0197976, -0.0226223, 0.0294306, 2.27432, -1.03796e-07, 1.42927e-07, 0.3, 0, 0.0379287, -0.0232856, 0.0343485, -0.0246026, 0.0311117, -0.0257613, 0.0281861, -0.0267707, 0.0255423, -0.027639, 0.0231539, -0.0283739, 0.0209971, -0.0289827, 0.0190503, -0.0294719, 0.0172939, -0.0298477, 0.0157105, -0.0301158, 0.0142842, -0.0302812, 0.0130007, -0.0303743, 0.0115491, -0.0303565, 0.0102571, -0.0303272, 0.00910844, -0.030263, 0.00808879, -0.0301627, 0.00718501, -0.0300245, 0.0063852, -0.0298462, 0.00567857, -0.0296253, 0.00505526, -0.0293586, 0.00450625, -0.0290424, 0.00402326, -0.0286724, 0.00359869, -0.0282439, 0.00322548, -0.0277514, 0.00289713, -0.0271889, 0.00260757, -0.02655, 0.00235118, -0.0258273, 0.0021227, -0.0250128, 0.00191725, -0.0240978, 0.00173028, -0.0230726, 0.0015576, -0.0219264, 0.00139534, -0.020647, 0.00124002, -0.0192208, 0.00108857, -0.0176322, 0.000938367, -0.0158634, 0.000787317, -0.0138935, 0.000633976, -0.0116983, 0.000477671, -0.00924913, 0.000318683, -0.00651173, 0.000158491, -0.00344531
2.27074, -0.02261, 0.0294096, 0.335636, -0.0232112, 0.0356361, -0.0232112, -0.0185771, -0.0226099, 0.0294095, 2.28932, -1.01645e-07, 1.42927e-07, 0.3, 0, 0.0356361, -0.0232112, 0.032277, -0.0245233, 0.0292407, -0.0256771, 0.0264968, -0.0266814, 0.0240179, -0.0275444, 0.0217792, -0.0282739, 0.0197582, -0.0288769, 0.0179348, -0.0293602, 0.0162908, -0.0297297, 0.0148096, -0.0299913, 0.0134766, -0.0301754, 0.0119824, -0.030244, 0.0106523, -0.0302968, 0.00946982, -0.0303111, 0.00842018, -0.0302863, 0.00748996, -0.0302213, 0.00666701, -0.0301147, 0.00594028, -0.0299645, 0.00529968, -0.0297679, 0.00473599, -0.0295221, 0.00424075, -0.0292234, 0.00380617, -0.0288675, 0.00342504, -0.0284497, 0.00309067, -0.0279648, 0.00279686, -0.0274069, 0.00253781, -0.0267697, 0.00230811, -0.026046, 0.00210271, -0.025228, 0.00191686, -0.0243073, 0.00174617, -0.0232743, 0.00158654, -0.0221185, 0.00143421, -0.020828, 0.00128578, -0.0193893, 0.00113823, -0.0177869, 0.000989009, -0.0160029, 0.000836093, -0.0140165, 0.000678108, -0.011803, 0.000514467, -0.00933342, 0.000345565, -0.00657264, 0.000173038, -0.00347868
2.28719, -0.0225959, 0.0293826, 0.332895, -0.0230863, 0.032895, -0.0230863, -0.0171217, -0.0225958, 0.0293824, 2.30432, -9.94941e-08, 1.42927e-07, 0.3, 0, 0.032895, -0.0230863, 0.0297996, -0.0243941, 0.0270022, -0.0255433, 0.0244748, -0.0265426, 0.0221922, -0.0274003, 0.0201315, -0.028124, 0.0182721, -0.028721, 0.0165954, -0.0291978, 0.0150847, -0.0295604, 0.0137248, -0.02984, 0.0122098, -0.029999, 0.0108615, -0.0301368, 0.00966301, -0.0302321, 0.00859955, -0.0302847, 0.00765753, -0.0302945, 0.00682469, -0.0302605, 0.00608985, -0.0301814, 0.00544285, -0.0300553, 0.00487436, -0.0298796, 0.00437583, -0.0296513, 0.00393939, -0.0293669, 0.00355776, -0.0290223, 0.00322417, -0.0286129, 0.00293232, -0.0281335, 0.00267636, -0.0275785, 0.00245077, -0.0269416, 0.00225039, -0.026216, 0.00207037, -0.0253942, 0.00190618, -0.0244679, 0.00175355, -0.0234279, 0.00160854, -0.0222638, 0.00146749, -0.020964, 0.0013271, -0.0195152, 0.00118445, -0.017902, 0.00103705, -0.0161066, 0.000882976, -0.014108, 0.000720926, -0.0118814, 0.000550417, -0.00939701, 0.00037197, -0.00661914, 0.000187386, -0.00350457
2.30373, -0.0225949, 0.0293868, 0.330006, -0.0229929, 0.0300059, -0.0229929, -0.0155895, -0.0225948, 0.0293867, 2.31932, -9.7343e-08, 1.42927e-07, 0.3, 0, 0.0300059, -0.0229929, 0.0271881, -0.0242934, 0.0246421, -0.0254349, 0.0223426, -0.0264262, 0.0202664, -0.0272755, 0.0183929, -0.0279904, 0.0167034, -0.028578, 0.0151809, -0.029045, 0.0138102, -0.0294227, 0.0122897, -0.0296743, 0.0109369, -0.0298989, 0.00973495, -0.0300761, 0.00866898, -0.0302069, 0.0077254, -0.0302916, 0.00689193, -0.03033, 0.0061574, -0.0303215, 0.0055116, -0.0302647, 0.00494522, -0.0301578, 0.00444967, -0.0299983, 0.00401708, -0.0297833, 0.00364014, -0.0295092, 0.00331207, -0.0291721, 0.00302655, -0.0287675, 0.00277768, -0.0282904, 0.00255991, -0.0277354, 0.00236804, -0.0270964, 0.00219715, -0.0263669, 0.00204263, -0.0255396, 0.0019001, -0.0246065, 0.00176548, -0.0235586, 0.00163494, -0.022386, 0.00150497, -0.0210771, 0.00137236, -0.0196189, 0.00123428, -0.0179961, 0.00108833, -0.0161909, 0.000932663, -0.0141823, 0.000766074, -0.011945, 0.000588178, -0.00944899, 0.000399623, -0.00665753, 0.000202378, -0.00352623
2.32029, -0.0226109, 0.0294344, 0.327051, -0.0229536, 0.0270511, -0.0229536, -0.0140245, -0.0226108, 0.0294342, 2.33432, -9.51919e-08, 1.42927e-07, 0.3, 0, 0.0270511, -0.0229536, 0.0245167, -0.0242424, 0.0222275, -0.0253719, 0.0201605, -0.0263508, 0.0182952, -0.0271872, 0.0166128, -0.0278889, 0.0150965, -0.0284629, 0.0137312, -0.0289407, 0.0122205, -0.0292865, 0.010877, -0.0295989, 0.00968412, -0.0298587, 0.00862696, -0.0300678, 0.00769208, -0.0302273, 0.00686729, -0.0303376, 0.00614148, -0.0303989, 0.00550452, -0.0304103, 0.00494716, -0.0303706, 0.00446088, -0.030278, 0.00403784, -0.03013, 0.00367077, -0.0299238, 0.00335294, -0.0296558, 0.00307806, -0.0293224, 0.00284023, -0.028919, 0.00263393, -0.0284409, 0.00245395, -0.027883, 0.00229536, -0.0272393, 0.00215349, -0.0265037, 0.00202395, -0.0256692, 0.00190255, -0.0247279, 0.00178537, -0.0236714, 0.00166873, -0.0224897, 0.00154922, -0.0211718, 0.00142374, -0.0197046, 0.00128955, -0.0180731, 0.00114435, -0.0162594, 0.000986367, -0.0142425, 0.000814487, -0.0119967, 0.000628429, -0.00949149, 0.000428964, -0.00668931, 0.000218227, -0.00354447
2.33687, -0.0226045, 0.0294248, 0.324055, -0.0227394, 0.024055, -0.0227394, -0.0124417, -0.0226044, 0.0294247, 2.34932, -9.30409e-08, 1.42927e-07, 0.3, 0, 0.024055, -0.0227394, 0.0218072, -0.0240218, 0.0197774, -0.0251443, 0.0179455, -0.0261153, 0.0162929, -0.0269432, 0.0148034, -0.0276356, 0.0134618, -0.0282241, 0.0119798, -0.028674, 0.0106626, -0.0290827, 0.00949399, -0.0294329, 0.00845935, -0.0297272, 0.00754548, -0.0299675, 0.00674042, -0.0301552, 0.00603327, -0.030291, 0.00541408, -0.0303749, 0.00487376, -0.0304062, 0.00440393, -0.0303836, 0.00399689, -0.0303053, 0.0036455, -0.0301691, 0.00334312, -0.029972, 0.00308356, -0.0297107, 0.00286101, -0.0293816, 0.00267001, -0.0289804, 0.00250541, -0.0285027, 0.00236232, -0.0279434, 0.0022361, -0.027297, 0.00212235, -0.0265576, 0.00201687, -0.0257184, 0.00191569, -0.0247722, 0.00181503, -0.0237105, 0.00171136, -0.0225238, 0.0016014, -0.0212013, 0.00148215, -0.0197302, 0.00135097, -0.0180954, 0.00120565, -0.0162794, 0.00104448, -0.0142606, 0.000866456, -0.0120136, 0.000671375, -0.0095069, 0.000460128, -0.00670235, 0.000235008, -0.00355297
2.35343, -0.0225916, 0.0293962, 0.321093, -0.0224245, 0.0210931, -0.0224245, -0.0108821, -0.0225915, 0.029396, 2.36432, -9.08898e-08, 1.42927e-07, 0.3, 0, 0.0210931, -0.0224245, 0.0191276, -0.0237027, 0.0173534, -0.02482, 0.0157527, -0.0257849, 0.0143095, -0.0266056, 0.0130095, -0.0273139, 0.011574, -0.0278764, 0.0102992, -0.0283889, 0.00916927, -0.028836, 0.00817017, -0.0292212, 0.00728904, -0.0295475, 0.00651426, -0.0298171, 0.00583526, -0.0300314, 0.00524236, -0.0301911, 0.00472673, -0.0302963, 0.00428023, -0.0303462, 0.00389537, -0.0303396, 0.0035652, -0.0302748, 0.00328325, -0.0301494, 0.00304348, -0.0299608, 0.00284024, -0.0297058, 0.00266818, -0.0293808, 0.00252225, -0.0289819, 0.00239767, -0.0285048, 0.00228986, -0.0279448, 0.00219448, -0.0272966, 0.00210736, -0.0265547, 0.00202452, -0.0257126, 0.00194218, -0.0247634, 0.00185672, -0.0236989, 0.00176475, -0.02251, 0.00166311, -0.021186, 0.00154892, -0.0197143, 0.00141962, -0.0180802, 0.00127308, -0.0162659, 0.00110767, -0.01425, 0.000922466, -0.0120066, 0.000717349, -0.0095038, 0.000493319, -0.00670263, 0.000252809, -0.00355489
2.37004, -0.0225906, 0.0293949, 0.318022, -0.0220772, 0.0180224, -0.0220772, -0.00927182, -0.0225905, 0.0293947, 2.37932, -8.87387e-08, 1.42927e-07, 0.3, 0, 0.0180224, -0.0220772, 0.0163483, -0.0233496, 0.0148376, -0.0244597, 0.0134753, -0.0254163, 0.0122478, -0.026251, 0.0108884, -0.026932, 0.00968261, -0.0275534, 0.00861561, -0.0281015, 0.00767388, -0.0285813, 0.00684523, -0.0289967, 0.00611858, -0.0293508, 0.00548384, -0.0296458, 0.00493182, -0.0298832, 0.00445406, -0.0300636, 0.0040428, -0.0301871, 0.00369086, -0.030253, 0.00339162, -0.0302601, 0.00313886, -0.0302066, 0.0029268, -0.0300903, 0.00275001, -0.0299087, 0.00260334, -0.0296587, 0.00248194, -0.029337, 0.00238116, -0.0289398, 0.00229659, -0.0284631, 0.00222399, -0.0279025, 0.00215929, -0.0272531, 0.00209859, -0.0265096, 0.00203814, -0.0256658, 0.00197432, -0.0247151, 0.00190371, -0.0236498, 0.00182307, -0.0224609, 0.00172935, -0.0211379, 0.00161978, -0.0196685, 0.00149191, -0.0180381, 0.00134368, -0.0162289, 0.00117356, -0.0142193, 0.00098068, -0.0119832, 0.000765016, -0.00948822, 0.000527668, -0.00669448, 0.000271205, -0.00355255
2.38669, -0.0225967, 0.0294117, 0.314873, -0.0216588, 0.0148727, -0.0216588, -0.00762916, -0.0225966, 0.0294115, 2.39432, -8.65876e-08, 1.42927e-07, 0.3, 0, 0.0148727, -0.0216588, 0.0134955, -0.0229246, 0.0122534, -0.0240266, 0.0111337, -0.0249963, 0.00988426, -0.0258037, 0.00877819, -0.0265406, 0.00780171, -0.0271957, 0.00694233, -0.0277752, 0.00618873, -0.0282842, 0.0055306, -0.0287267, 0.00495857, -0.0291059, 0.00446406, -0.029424, 0.00403919, -0.0296825, 0.00367673, -0.029882, 0.00336996, -0.0300224, 0.00311267, -0.030103, 0.00289906, -0.0301228, 0.00272367, -0.0300799, 0.00258141, -0.0299723, 0.00246741, -0.0297976, 0.00237708, -0.0295527, 0.00230604, -0.0292347, 0.00225006, -0.0288401, 0.0022051, -0.028365, 0.00216726, -0.0278053, 0.00213277, -0.0271564, 0.00209797, -0.0264133, 0.00205935, -0.0255702, 0.0020135, -0.0246208, 0.00195718, -0.0235575, 0.00188728, -0.0223717, 0.0018009, -0.0210531, 0.00169538, -0.0195897, 0.00156836, -0.0179667, 0.00141788, -0.0161664, 0.00124247, -0.0141672, 0.00104134, -0.0119425, 0.000814545, -0.00945955, 0.000563283, -0.00667754, 0.000290251, -0.00354578
2.40342, -0.0225921, 0.0294034, 0.311522, -0.0210314, 0.0115225, -0.0210314, -0.00589524, -0.022592, 0.0294032, 2.40932, -8.44366e-08, 1.42927e-07, 0.3, 0, 0.0115225, -0.0210314, 0.0104586, -0.0222945, 0.00949937, -0.0234135, 0.00841041, -0.0243607, 0.00744972, -0.0252247, 0.00660505, -0.0259971, 0.0058653, -0.0266857, 0.00522041, -0.0272968, 0.0046612, -0.0278355, 0.00417931, -0.0283061, 0.00376707, -0.0287116, 0.00341744, -0.0290543, 0.00312391, -0.0293356, 0.00288047, -0.0295559, 0.00268149, -0.0297153, 0.00252173, -0.0298131, 0.00239626, -0.0298482, 0.00230043, -0.0298189, 0.00222982, -0.0297232, 0.0021802, -0.0295587, 0.00214753, -0.029323, 0.00212793, -0.0290129, 0.00211764, -0.0286252, 0.00211299, -0.0281565, 0.00211045, -0.0276029, 0.00210656, -0.02696, 0.00209796, -0.0262231, 0.00208136, -0.0253868, 0.0020536, -0.0244449, 0.0020116, -0.0233901, 0.00195243, -0.0222141, 0.00187334, -0.0209068, 0.00177179, -0.0194562, 0.00164551, -0.0178477, 0.00149263, -0.0160636, 0.00131176, -0.0140821, 0.00110218, -0.0118763, 0.000864006, -0.00941299, 0.000598524, -0.00665049, 0.000329357, -0.00338913
2.42016, -0.0226022, 0.0294366, 0.30813, -0.0203217, 0.00813039, -0.0203217, -0.00415582, -0.0226021, 0.0294365, 2.42432, -8.22855e-08, 1.42927e-07, 0.3, 0, 0.00813039, -0.0203217, 0.00738053, -0.0216006, 0.00649863, -0.0226974, 0.00572541, -0.0236969, 0.00505058, -0.0245941, 0.00446487, -0.0253983, 0.00395979, -0.0261173, 0.00352764, -0.0267575, 0.00316132, -0.0273243, 0.00285435, -0.0278217, 0.00260072, -0.0282526, 0.00239489, -0.0286194, 0.00223168, -0.0289232, 0.00210629, -0.0291645, 0.00201416, -0.0293433, 0.00195102, -0.029459, 0.00191279, -0.0295103, 0.0018956, -0.0294958, 0.00189573, -0.0294136, 0.00190957, -0.0292615, 0.00193364, -0.0290369, 0.00196455, -0.0287372, 0.001999, -0.0283594, 0.00203373, -0.0279001, 0.00206555, -0.0273558, 0.00209134, -0.0267224, 0.002108, -0.0259954, 0.00211251, -0.0251696, 0.00210191, -0.0242392, 0.00207332, -0.0231971, 0.00202399, -0.0220351, 0.00195127, -0.0207433, 0.00185276, -0.0193099, 0.00172627, -0.0177203, 0.00157002, -0.0159568, 0.00138266, -0.0139976, 0.00116351, -0.0118154, 0.000912757, -0.00937658, 0.000670701, -0.00636135, 0.000373406, -0.00318328
2.43688, -0.0225945, 0.0294388, 0.304954, -0.0193806, 0.00473475, -0.0193806, -0.00243823, -0.0225944, 0.0294386, 2.43932, -8.01342e-08, 1.42927e-07, 0.30022, 0, 0.00473475, -0.0193806, 0.00411162, -0.0206447, 0.0035725, -0.0217956, 0.0031096, -0.0228319, 0.00271587, -0.0237648, 0.00238485, -0.0246038, 0.00211062, -0.0253566, 0.0018877, -0.0260299, 0.00171105, -0.0266288, 0.001576, -0.0271572, 0.00147818, -0.0276181, 0.0014135, -0.0280136, 0.0013781, -0.0283447, 0.00136834, -0.0286121, 0.00138074, -0.0288156, 0.00141197, -0.0289545, 0.00145882, -0.0290277, 0.00151817, -0.0290339, 0.00158698, -0.0289713, 0.0016623, -0.0288377, 0.00174118, -0.0286309, 0.00182075, -0.0283484, 0.00189814, -0.0279873, 0.00197051, -0.0275446, 0.00203502, -0.0270169, 0.00208887, -0.0264005, 0.00212924, -0.025691, 0.00215337, -0.0248836, 0.00215849, -0.0239725, 0.00214193, -0.022951, 0.00210106, -0.0218112, 0.00203339, -0.0205432, 0.00193657, -0.0191355, 0.00180852, -0.0175736, 0.00164747, -0.01584, 0.00145212, -0.0139126, 0.00122177, -0.0117645, 0.00101143, -0.00897022, 0.000750426, -0.00597948, 0.000411531, -0.00299788
2.45356, -0.022606, 0.0295051, 0.291477, 0.0172332, -0.0085225, -0.0145087, 0.00424638, -0.0226074, 0.0292073, 2.44931, 1.40969e-06, 0.000297823, 0.3, 0.0317419, -0.0085225, -0.0145087, -0.00783444, -0.015933, -0.00718652, -0.0172168, -0.00657449, -0.0183765, -0.00599467, -0.0194262, -0.00544388, -0.0203775, -0.00491937, -0.0212402, -0.00441881, -0.0220219, -0.00394023, -0.022729, -0.00348197, -0.0233663, -0.0030427, -0.0239373, -0.00262132, -0.0244447, -0.00221703, -0.0248898, -0.00182923, -0.0252737, -0.00145756, -0.0255962, -0.00110187, -0.0258569, -0.000762201, -0.0260548, -0.000438795, -0.0261884, -0.000132068, -0.0262558, 0.000157381, -0.0262549, 0.000428788, -0.0261832, 0.000681226, -0.0260379, 0.000913609, -0.0258159, 0.00112471, -0.0255139, 0.00131314, -0.0251281, 0.0014774, -0.0246544, 0.00161587, -0.0240881, 0.00172682, -0.0234238, 0.00180842, -0.0226554, 0.00185879, -0.0217758, 0.00187604, -0.0207764, 0.00185827, -0.0196474, 0.00180364, -0.0183764, 0.00171049, -0.0169488, 0.00157737, -0.0153466, 0.00140321, -0.0135475, 0.0012547, -0.0110424, 0.00105702, -0.0082986, 0.000778284, -0.00555867, 0.000424663, -0.00279839
2.47016, -0.022592, 0.0295279, 0.288009, 0.053757, -0.0119913, -0.00966299, 0.00584668, -0.0226039, 0.028337, 2.46431, 1.18307e-05, 0.00119086, 0.3, 0.06342, -0.0119913, -0.00966299, -0.0109182, -0.0113337, -0.00992312, -0.012852, -0.00899802, -0.0142356, -0.00813595, -0.0154996, -0.00733076, -0.0166566, -0.00657704, -0.017717, -0.00587005, -0.0186892, -0.00520564, -0.0195799, -0.0045802, -0.0203945, -0.00399062, -0.0211369, -0.00343424, -0.02181, -0.00290878, -0.0224155, -0.00241237, -0.0229545, -0.00194346, -0.0234271, -0.00150085, -0.0238332, -0.00108362, -0.0241716, -0.00069117, -0.0244412, -0.000323139, -0.02464, 2.05599e-05, -0.0247661, 0.000339773, -0.0248169, 0.000634112, -0.0247898, 0.000902965, -0.0246817, 0.00114551, -0.0244894, 0.00136073, -0.0242093, 0.00154741, -0.0238371, 0.00170418, -0.0233684, 0.00182948, -0.022798, 0.00192164, -0.0221198, 0.00197887, -0.0213271, 0.0019993, -0.0204115, 0.00198103, -0.0193634, 0.00192216, -0.0181709, 0.0018209, -0.0168199, 0.00167563, -0.0152927, 0.00156389, -0.0130008, 0.00140577, -0.0104343, 0.00116467, -0.00787174, 0.000847315, -0.00528904, 0.000458261, -0.00266917
2.48677, -0.0225884, 0.0296096, 0.284516, 0.0922926, -0.0154838, -0.0026786, 0.00745673, -0.0226285, 0.0269304, 2.47931, 4.01124e-05, 0.00267927, 0.3, 0.0949712, -0.0154838, -0.0026786, -0.0140121, -0.00471594, -0.0126583, -0.00658319, -0.0114106, -0.00829994, -0.0102585, -0.00988282, -0.00919277, -0.0113458, -0.00820501, -0.0127003, -0.00728794, -0.0139559, -0.00643508, -0.0151201, -0.00564072, -0.0161988, -0.00489985, -0.0171966, -0.00420807, -0.0181168, -0.00356157, -0.0189616, -0.00295706, -0.0197323, -0.00239174, -0.0204293, -0.00186325, -0.0210524, -0.00136967, -0.0216009, -0.000909455, -0.0220733, -0.000481453, -0.0224681, -8.4841e-05, -0.022783, 0.000280863, -0.0230157, 0.000615829, -0.0231634, 0.000919929, -0.0232231, 0.00119275, -0.0231916, 0.0014336, -0.0230651, 0.00164155, -0.0228398, 0.00181543, -0.0225111, 0.00195382, -0.0220741, 0.00205515, -0.021523, 0.00211762, -0.0208513, 0.00213932, -0.0200511, 0.00211823, -0.0191133, 0.00205227, -0.0180267, 0.00193938, -0.0167781, 0.00186644, -0.0147093, 0.00174906, -0.0123271, 0.0015466, -0.00994176, 0.00126632, -0.00753015, 0.000913307, -0.00507601, 0.000490756, -0.00256841
2.50333, -0.0225688, 0.029826, 0.281158, 0.132357, -0.0188416, 0.00602295, 0.00901284, -0.0226639, 0.025063, 2.49431, 9.51853e-05, 0.00476303, 0.3, 0.126334, -0.0188416, 0.00602295, -0.0169761, 0.00352829, -0.0152688, 0.00122413, -0.013704, -0.000911171, -0.0122677, -0.00289604, -0.0109471, -0.0047459, -0.00973126, -0.0064736, -0.00861007, -0.00808964, -0.00757471, -0.00960249, -0.00661731, -0.0110188, -0.0057309, -0.0123438, -0.00490931, -0.0135812, -0.00414715, -0.0147334, -0.00343969, -0.015802, -0.00278282, -0.0167877, -0.00217303, -0.0176903, -0.00160735, -0.0185089, -0.00108332, -0.0192422, -0.000598953, -0.0198884, -0.000152717, -0.0204453, 0.000256501, -0.0209105, 0.000629407, -0.021281, 0.000966322, -0.0215539, 0.00126721, -0.0217259, 0.00153167, -0.0217932, 0.00175898, -0.0217522, 0.00194811, -0.0215985, 0.00209773, -0.0213274, 0.00220622, -0.0209337, 0.00227173, -0.0204114, 0.00229216, -0.0197534, 0.00226525, -0.0189515, 0.00218858, -0.0179959, 0.00215677, -0.0161695, 0.00208175, -0.0139886, 0.00191948, -0.0117906, 0.00167769, -0.00955441, 0.00136197, -0.00726524, 0.000976037, -0.00491325, 0.000521934, -0.00249262
2.51964, -0.0225992, 0.0299551, 0.278295, 0.174691, -0.021705, 0.0172427, 0.0103307, -0.0227852, 0.022513, 2.50931, 0.000185979, 0.00744215, 0.3, 0.157449, -0.021705, 0.0172427, -0.0194818, 0.0141349, -0.0174551, 0.0112441, -0.0156052, 0.00854614, -0.0139146, 0.00602037, -0.0123674, 0.0036495, -0.0109499, 0.00141911, -0.00964928, -0.000682611, -0.00845452, -0.00266521, -0.0073556, -0.00453623, -0.00634365, -0.00630142, -0.0054108, -0.00796499, -0.00455008, -0.00952979, -0.00375538, -0.0109975, -0.00302137, -0.0123688, -0.0023434, -0.0136436, -0.00171755, -0.0148208, -0.00114047, -0.0158991, -0.000609444, -0.0168764, -0.000122282, -0.0177505, 0.000322665, -0.0185186, 0.000726547, -0.0191778, 0.00109004, -0.0197251, 0.00141337, -0.0201571, 0.00169631, -0.0204705, 0.00193824, -0.0206615, 0.00213811, -0.0207264, 0.00229452, -0.0206611, 0.00240568, -0.020461, 0.00246946, -0.0201212, 0.00248342, -0.0196359, 0.00244481, -0.0189986, 0.00245472, -0.017441, 0.00242185, -0.0154825, 0.00229926, -0.0134849, 0.00209504, -0.0114299, 0.00181523, -0.00930522, 0.00146404, -0.00710297, 0.001044, -0.00481877, 0.000556167, -0.0024511
2.53583, -0.0225736, 0.0304249, 0.275792, 0.217451, -0.0242076, 0.0291918, 0.011512, -0.022895, 0.0197082, 2.52431, 0.000321424, 0.0107166, 0.3, 0.188259, -0.0242076, 0.0291918, -0.0216616, 0.0254379, -0.0193472, 0.0219251, -0.0172412, 0.0186271, -0.0153229, 0.0155213, -0.0135737, 0.012589, -0.0119768, 0.00981463, -0.0105173, 0.00718526, -0.00918173, 0.00469066, -0.00795825, 0.00232277, -0.00683615, 7.55062e-05, -0.00580593, -0.00205552, -0.00485919, -0.00407319, -0.0039885, -0.0059791, -0.00318736, -0.00777375, -0.00245014, -0.00945672, -0.00177198, -0.0110269, -0.00114878, -0.0124824, -0.000577144, -0.0138211, -5.43347e-05, -0.0150403, 0.00042175, -0.0161374, 0.000852615, -0.0171091, 0.00123919, -0.0179526, 0.00158186, -0.0186647, 0.00188047, -0.0192423, 0.00213436, -0.0196824, 0.00234239, -0.0199817, 0.00250293, -0.0201373, 0.00261386, -0.0201459, 0.00267264, -0.0200042, 0.00267626, -0.0197086, 0.00273062, -0.0184507, 0.00274211, -0.016745, 0.0026616, -0.0149723, 0.00249747, -0.0131184, 0.00225612, -0.011174, 0.00194221, -0.00913378, 0.00155877, -0.00699538, 0.00110738, -0.00475884, 0.000588215, -0.00242613
2.55178, -0.0224724, 0.031602, 0.273845, 0.259202, -0.026155, 0.0404894, 0.0124688, -0.0229829, 0.0170155, 2.53931, 0.000510448, 0.0145865, 0.3, 0.218713, -0.026155, 0.0404894, -0.0233469, 0.0361318, -0.0207997, 0.0320328, -0.0184871, 0.0281647, -0.0163858, 0.0245042, -0.0144744, 0.0210315, -0.0127341, 0.0177307, -0.0111479, 0.0145885, -0.00970045, 0.0115944, -0.00837821, 0.00874046, -0.00716896, 0.00602069, -0.00606184, 0.00343095, -0.00504722, 0.000968713, -0.00411658, -0.00136723, -0.00326248, -0.00357695, -0.00247843, -0.00565959, -0.00175886, -0.00761357, -0.00109906, -0.00943674, -0.000495141, -0.0111266, 5.60462e-05, -0.0126803, 0.000556907, -0.0140949, 0.00100915, -0.0153677, 0.00141383, -0.0164957, 0.00177135, -0.0174763, 0.00208148, -0.018307, 0.00234341, -0.0189858, 0.00255572, -0.0195108, 0.0027164, -0.0198805, 0.00282287, -0.0200938, 0.00287194, -0.0201501, 0.0029728, -0.0192112, 0.00303037, -0.0177796, 0.00299401, -0.0162506, 0.00287231, -0.0146142, 0.002672, -0.0128648, 0.00239813, -0.0109999, 0.00205421, -0.00901939, 0.00164235, -0.00692529, 0.00116327, -0.00472093, 0.000616462, -0.00241092
2.5676, -0.0222709, 0.0335376, 0.272279, 0.299737, -0.0277206, 0.0509774, 0.0132887, -0.0230329, 0.0144859, 2.55431, 0.000761978, 0.0190517, 0.3, 0.248759, -0.0277206, 0.0509774, -0.0246959, 0.0460657, -0.0219566, 0.0414237, -0.0194739, 0.0370233, -0.0172221, 0.0328409, -0.0151778, 0.028857, -0.0133202, 0.0250553, -0.0116304, 0.0214232, -0.0100917, 0.0179505, -0.00868889, 0.0146296, -0.00740855, 0.0114553, -0.00623863, 0.00842386, -0.00516846, 0.00553357, -0.00418862, 0.00278385, -0.00329087, 0.000175264, -0.00246805, -0.00229075, -0.00171402, -0.00461211, -0.00102359, -0.00678626, -0.000392504, -0.00881043, 0.000182653, -0.0106817, 0.000704463, -0.0123973, 0.00117472, -0.0139545, 0.00159447, -0.0153511, 0.00196402, -0.0165853, 0.00228294, -0.0176557, 0.00255012, -0.0185618, 0.00276372, -0.0193035, 0.00292122, -0.0198818, 0.00301935, -0.0202988, 0.0031689, -0.0196984, 0.00327432, -0.0185633, 0.00328422, -0.0172979, 0.00320732, -0.0158972, 0.00305061, -0.0143593, 0.00281949, -0.012685, 0.00251793, -0.0108769, 0.00214852, -0.00893883, 0.00171257, -0.00687606, 0.00121013, -0.0046944, 0.000640097, -0.00240033
2.58308, -0.021985, 0.0362567, 0.271477, 0.338762, -0.0285233, 0.0604078, 0.0137701, -0.0230699, 0.0121444, 2.56931, 0.00108494, 0.0241123, 0.3, 0.278354, -0.0285233, 0.0604078, -0.0253648, 0.0549853, -0.022508, 0.0498389, -0.0199224, 0.0449409, -0.0175805, 0.0402683, -0.0154575, 0.0358021, -0.0135311, 0.031527, -0.0117813, 0.0274308, -0.0101901, 0.0235044, -0.00874135, 0.0197412, -0.00742071, 0.0161366, -0.00621534, 0.0126881, -0.00511387, 0.00939475, -0.00410629, 0.00625673, -0.00318385, 0.00327536, -0.00233899, 0.000452667, -0.00156524, -0.00220881, -0.000857212, -0.00470625, -0.000210485, -0.00703677, 0.000378403, -0.00919762, 0.00091201, -0.0111864, 0.00139202, -0.0130011, 0.00181928, -0.0146404, 0.0021938, -0.0161039, 0.00251478, -0.0173921, 0.00278061, -0.0185064, 0.00298884, -0.0194498, 0.00313619, -0.0202267, 0.00333373, -0.0199725, 0.00348617, -0.0191448, 0.00354189, -0.018153, 0.00350966, -0.0169971, 0.00339666, -0.0156796, 0.0032086, -0.0142046, 0.00294984, -0.0125772, 0.00262344, -0.0108039, 0.00223125, -0.00889141, 0.0017739, -0.00684724, 0.00125087, -0.0046789, 0.000660549, -0.00239416
2.59817, -0.0216442, 0.0397688, 0.271517, 0.37622, -0.0284827, 0.0687631, 0.0138652, -0.0231324, 0.0100006, 2.5843, 0.00148825, 0.0297682, 0.3, 0.307457, -0.0284827, 0.0687631, -0.0252809, 0.0628582, -0.0223881, 0.0572332, -0.0197729, 0.0518615, -0.0174067, 0.0467213, -0.015264, 0.0417946, -0.0133217, 0.0370674, -0.0115591, 0.0325288, -0.0099576, 0.0281708, -0.00850053, 0.023988, -0.00717302, 0.0199771, -0.00596186, 0.0161365, -0.00485537, 0.0124662, -0.00384331, 0.00896724, -0.00291674, 0.00564164, -0.00206802, 0.00249189, -0.00129065, -0.000479217, -0.000579277, -0.00326882, 7.03978e-05, -0.00587428, 0.000661651, -0.00829335, 0.00119678, -0.0105244, 0.00167715, -0.0125668, 0.00210318, -0.0144207, 0.00247437, -0.0160877, 0.00278934, -0.0175709, 0.00304573, -0.018875, 0.00324024, -0.0200068, 0.00348334, -0.0200992, 0.00368034, -0.0195818, 0.00377977, -0.0188659, 0.00379038, -0.0179573, 0.00371947, -0.0168626, 0.003573, -0.0155893, 0.00335569, -0.0141455, 0.003071, -0.01254, 0.00272128, -0.0107813, 0.0023077, -0.00887861, 0.00183035, -0.00684063, 0.00128821, -0.00467607, 0.000679205, -0.00239338
2.61305, -0.0212741, 0.0441555, 0.272038, 0.412109, -0.0279619, 0.0760772, 0.0137538, -0.0232549, 0.00813598, 2.59929, 0.00198082, 0.0360195, 0.3, 0.336032, -0.0279619, 0.0760772, -0.0247716, 0.0697151, -0.0218919, 0.063635, -0.0192908, 0.057812, -0.0169394, 0.0522257, -0.0148116, 0.04686, -0.0128841, 0.0417023, -0.0111358, 0.0367432, -0.00954782, 0.0319764, -0.0081033, 0.0273978, -0.00678719, 0.0230052, -0.00558618, 0.0187984, -0.00448854, 0.0147781, -0.00348402, 0.0109464, -0.00256377, 0.0073055, -0.00172025, 0.00385837, -0.000947164, 0.000607802, -0.000239394, -0.00244366, 0.000407047, -0.00529398, 0.000995068, -0.0079419, 0.00152653, -0.0103872, 0.00200227, -0.0126309, 0.00242212, -0.0146756, 0.00278488, -0.0165257, 0.00308835, -0.0181879, 0.00332923, -0.0196711, 0.00361664, -0.0201108, 0.00385677, -0.0199058, 0.00399859, -0.0194677, 0.00405077, -0.0188075, 0.0040207, -0.0179365, 0.00391455, -0.0168658, 0.00373734, -0.0156064, 0.00349294, -0.0141694, 0.00318412, -0.0125655, 0.00281259, -0.0108053, 0.00237899, -0.00889902, 0.00188291, -0.0068564, 0.0013229, -0.00468672, 0.0006965, -0.00239877
2.62757, -0.0208575, 0.0492882, 0.273323, 0.446522, -0.0266768, 0.0824749, 0.0132866, -0.0234291, 0.00642207, 2.61428, 0.00257157, 0.0428661, 0.3, 0.364047, -0.0266768, 0.0824749, -0.0235798, 0.0756582, -0.0207866, 0.0691265, -0.0182656, 0.062857, -0.0159881, 0.0568312, -0.0139282, 0.0510348, -0.0120626, 0.0454572, -0.0103707, 0.0400907, -0.00883367, 0.0349304, -0.00743491, 0.0299737, -0.00615964, 0.0252198, -0.00499482, 0.0206692, -0.00392906, 0.0163238, -0.00295244, 0.0121858, -0.00205651, 0.00825803, -0.00123417, 0.00454313, -0.000479591, 0.00104351, 0.000211829, -0.00223904, 0.000843514, -0.00530367, 0.00141775, -0.00815074, 0.00193572, -0.0107821, 0.00239751, -0.0132014, 0.00280209, -0.0154144, 0.00314733, -0.0174297, 0.00342991, -0.0192585, 0.00375711, -0.020042, 0.0040361, -0.0201472, 0.0042164, -0.0199843, 0.00430654, -0.0195702, 0.00431395, -0.0189206, 0.00424493, -0.0180504, 0.00410476, -0.0169737, 0.00389763, -0.015704, 0.00362673, -0.0142541, 0.00329423, -0.0126361, 0.00290127, -0.0108617, 0.00244802, -0.0089418, 0.00193363, -0.00688667, 0.00135625, -0.00470575, 0.000713049, -0.00240779
2.64165, -0.0203621, 0.0550127, 0.275536, 0.479627, -0.0244645, 0.0881494, 0.0123798, -0.0236314, 0.00470461, 2.62927, 0.00326937, 0.0503081, 0.3, 0.391478, -0.0244645, 0.0881494, -0.0215582, 0.0808585, -0.0189395, 0.0738591, -0.0165776, 0.0671306, -0.0144449, 0.0606567, -0.0125164, 0.0544251, -0.0107699, 0.0484271, -0.00918518, 0.0426566, -0.0077445, 0.0371103, -0.00643195, 0.0317869, -0.00523351, 0.0266865, -0.00413692, 0.0218106, -0.00313149, 0.0171613, -0.00220811, 0.0127411, -0.00135908, 0.00855245, -0.000578088, 0.00459745, 0.000139891, 0.000877482, 0.000798621, -0.00260713, 0.00140066, -0.00585743, 0.00194739, -0.0088762, 0.00243902, -0.0116683, 0.00287459, -0.014241, 0.00325195, -0.0166046, 0.00356769, -0.0187729, 0.00392669, -0.0198961, 0.00423722, -0.0203083, 0.00444946, -0.0204173, 0.00457166, -0.020246, 0.00461117, -0.0198147, 0.00457435, -0.0191423, 0.00446663, -0.018246, 0.00429248, -0.0171418, 0.00405539, -0.0158446, 0.00375794, -0.0143684, 0.00340172, -0.0127261, 0.00298739, -0.0109299, 0.00251466, -0.00899105, 0.00198228, -0.00691984, 0.00138801, -0.00472561, 0.000728699, -0.00241676
2.65538, -0.019812, 0.0613778, 0.278458, 0.51143, -0.021542, 0.0931292, 0.0111419, -0.0238951, 0.00303226, 2.64424, 0.00408313, 0.0583455, 0.3, 0.418301, -0.021542, 0.0931292, -0.0189028, 0.0853396, -0.016527, 0.0778525, -0.0143855, 0.0706498, -0.0124524, 0.0637172, -0.0107042, 0.0570446, -0.00912006, 0.050625, -0.0076812, 0.0444539, -0.00637105, 0.0385295, -0.00517496, 0.0328512, -0.00408011, 0.0274202, -0.00307536, 0.022238, -0.00215119, 0.0173068, -0.00129956, 0.0126288, -0.000513906, 0.00820544, 0.000211008, 0.00403769, 0.000879092, 0.000125158, 0.001493, -0.00353406, 0.00205414, -0.00694381, 0.00256272, -0.0101102, 0.00301772, -0.0130423, 0.00341684, -0.0157522, 0.00375649, -0.018256, 0.00413884, -0.019715, 0.00447323, -0.0204301, 0.00471043, -0.0208064, 0.00485833, -0.0208728, 0.00492406, -0.0206548, 0.00491397, -0.0201753, 0.00483357, -0.0194547, 0.00468748, -0.0185117, 0.00447949, -0.0173633, 0.00421247, -0.0160253, 0.00388841, -0.0145122, 0.00350842, -0.0128373, 0.00307267, -0.0110128, 0.00258046, -0.00905012, 0.00203014, -0.00695917, 0.00141914, -0.00474892, 0.000743968, -0.00242719
2.66883, -0.0192043, 0.0683549, 0.282014, 0.542003, -0.0179863, 0.0975034, 0.00961193, -0.024226, 0.00137665, 2.65921, 0.0050217, 0.0669782, 0.3, 0.444499, -0.0179863, 0.0975034, -0.015683, 0.0891813, -0.0136116, 0.0811789, -0.0117455, 0.0734802, -0.0100609, 0.0660732, -0.0085365, 0.0589496, -0.00715323, 0.052104, -0.00589427, 0.0455333, -0.00474475, 0.0392366, -0.00369169, 0.033214, -0.00272383, 0.0274668, -0.00183159, 0.0219965, -0.00100691, 0.0168045, -0.000243245, 0.011892, 0.000464582, 0.00725895, 0.00112039, 0.00290415, 0.0017267, -0.00117534, 0.00228476, -0.00498462, 0.00279458, -0.00853132, 0.00325488, -0.0118262, 0.00366313, -0.0148835, 0.00401538, -0.017722, 0.00441089, -0.0195145, 0.00475994, -0.0205292, 0.00501378, -0.0211684, 0.00517979, -0.0214678, 0.00526482, -0.0214579, 0.00527504, -0.0211659, 0.00521595, -0.0206157, 0.00509229, -0.0198287, 0.00490798, -0.0188243, 0.00466618, -0.01762, 0.00436917, -0.0162319, 0.00401843, -0.0146747, 0.00361456, -0.0129616, 0.00315733, -0.0111048, 0.0026456, -0.00911509, 0.00207738, -0.00700216, 0.00144976, -0.00477428, 0.000758931, -0.00243852
2.68198, -0.0184906, 0.0758475, 0.286182, 0.571437, -0.0138176, 0.101377, 0.00780223, -0.0245845, -0.000358798, 2.67418, 0.00609392, 0.0762063, 0.3, 0.47006, -0.0138176, 0.101377, -0.0119179, 0.0924823, -0.0102113, 0.0839319, -0.00867451, 0.0757118, -0.00728638, 0.0678121, -0.00602825, 0.0602258, -0.00488358, 0.052949, -0.00383785, 0.0459794, -0.0028784, 0.0393166, -0.00199433, 0.0329607, -0.00117642, 0.0269127, -0.000416996, 0.0211731, 0.000290136, 0.0157421, 0.000949742, 0.0106187, 0.00156524, 0.0058007, 0.00213875, 0.00128378, 0.00267109, -0.00293861, 0.00316183, -0.00687582, 0.00360927, -0.0105406, 0.00401038, -0.0139495, 0.00436075, -0.0171239, 0.00475618, -0.0192513, 0.00510802, -0.020566, 0.00536798, -0.0214671, 0.00554272, -0.0219972, 0.0056386, -0.0221927, 0.00566151, -0.0220851, 0.0056168, -0.0217021, 0.00550917, -0.021068, 0.00534264, -0.0202047, 0.0051205, -0.0191316, 0.00484527, -0.0178665, 0.0045187, -0.0164253, 0.00414177, -0.0148225, 0.0037146, -0.0130711, 0.00323655, -0.0111829, 0.0027061, -0.00916807, 0.0021209, -0.00703562, 0.00147771, -0.00479303, 0.000772471, -0.00244647
2.69495, -0.0177126, 0.0839809, 0.290733, 0.599644, -0.00926736, 0.104671, 0.00582748, -0.0250212, -0.00204885, 2.68913, 0.00730861, 0.0860298, 0.3, 0.494974, -0.00926736, 0.104671, -0.00781549, 0.0951681, -0.00651296, 0.0860419, -0.00533977, 0.0772802, -0.00427819, 0.0688746, -0.00331259, 0.0608194, -0.00242935, 0.0531114, -0.00161664, 0.0457488, -0.000864408, 0.0387309, -0.000164214, 0.0320573, 0.000490836, 0.0257276, 0.00110617, 0.0197408, 0.00168581, 0.0140948, 0.00223246, 0.00878585, 0.00274752, 0.00380815, 0.00323112, -0.000846585, 0.00368214, -0.00518969, 0.0040982, -0.00923611, 0.00447559, -0.013005, 0.00480924, -0.0165206, 0.00519133, -0.0189854, 0.00553411, -0.0206001, 0.00578954, -0.021761, 0.0059634, -0.0225183, 0.00606139, -0.0229145, 0.00608899, -0.0229861, 0.00605125, -0.0227646, 0.00595277, -0.0222775, 0.00579752, -0.0215493, 0.00558886, -0.0206015, 0.00532946, -0.0194537, 0.00502129, -0.0181231, 0.00466556, -0.0166254, 0.00426277, -0.0149748, 0.00381261, -0.0131836, 0.00331402, -0.0112629, 0.00276513, -0.00922238, 0.00216325, -0.00707006, 0.00150485, -0.00481252, 0.000785568, -0.00245485
2.70768, -0.0168606, 0.0926219, 0.295817, 0.626831, -0.00418347, 0.107596, 0.00361507, -0.0255351, -0.00382672, 2.70406, 0.00867455, 0.0964486, 0.3, 0.519235, -0.00418347, 0.107596, -0.00323911, 0.0974262, -0.00239345, 0.0876753, -0.00163067, 0.078333, -0.000936907, 0.069392, -0.000300188, 0.0608473, 0.000289707, 0.0526957, 0.000841355, 0.0449348, 0.00136176, 0.0375631, 0.00185646, 0.0305787, 0.00232958, 0.0239789, 0.00278391, 0.0177601, 0.00322096, 0.0119167, 0.003641, 0.00644108, 0.00404305, 0.00132274, 0.00442495, -0.00345199, 0.00478331, -0.00790066, 0.00511345, -0.0120454, 0.00540933, -0.0159136, 0.00575932, -0.0187228, 0.00607639, -0.0206405, 0.00631248, -0.0220611, 0.00647217, -0.0230433, 0.00656031, -0.0236364, 0.00658173, -0.023882, 0.00654109, -0.0238161, 0.00644265, -0.0234698, 0.00629026, -0.0228701, 0.00608721, -0.0220411, 0.00583621, -0.021004, 0.00553933, -0.0197778, 0.00519797, -0.0183794, 0.00481286, -0.0168238, 0.00438399, -0.0151245, 0.00391066, -0.0132933, 0.00339139, -0.0113405, 0.00282395, -0.00927468, 0.00220534, -0.0071031, 0.00153174, -0.0048312, 0.000798506, -0.00246293
2.72012, -0.0159338, 0.101765, 0.301495, 0.652897, 0.00149481, 0.110055, 0.00113494, -0.0261343, -0.00569762, 2.71899, 0.0102005, 0.107463, 0.3, 0.542842, 0.00149481, 0.110055, 0.00186541, 0.0991568, 0.00219551, 0.0887322, 0.00249604, 0.0787721, 0.00277626, 0.0692693, 0.00304386, 0.0602186, 0.00330501, 0.0516157, 0.00356448, 0.0434572, 0.00382568, 0.0357391, 0.00409071, 0.0284569, 0.00436048, 0.0216047, 0.00463469, 0.0151747, 0.0049119, 0.00915683, 0.00518953, 0.00353789, 0.00546389, -0.00169865, 0.00573013, -0.00657348, 0.00598219, -0.0111121, 0.00621271, -0.0153457, 0.0065062, -0.0185055, 0.00677605, -0.0207268, 0.00697362, -0.0224044, 0.00710202, -0.0236064, 0.00716492, -0.0243894, 0.0071663, -0.0248012, 0.00711014, -0.0248823, 0.00700028, -0.0246677, 0.0068402, -0.0241876, 0.00663303, -0.0234685, 0.00638136, -0.0225335, 0.00608726, -0.0214033, 0.00575219, -0.0200963, 0.00537702, -0.0186285, 0.00496195, -0.0170144, 0.00450651, -0.0152666, 0.00400957, -0.013396, 0.00346926, -0.0114119, 0.002883, -0.00932213, 0.00224747, -0.00713258, 0.00155855, -0.00484764, 0.000811357, -0.00246999
2.73231, -0.0149305, 0.111353, 0.307721, 0.678018, 0.00772056, 0.112223, -0.00158354, -0.0268256, -0.00771895, 2.73389, 0.0118951, 0.119072, 0.3, 0.565795, 0.00772056, 0.112223, 0.0074553, 0.10052, 0.00721505, 0.0893602, 0.0070051, 0.0787338, 0.00682944, 0.0686331, 0.00669079, 0.0590512, 0.00659067, 0.0499821, 0.00652944, 0.0414194, 0.00650636, 0.033356, 0.00651962, 0.025783, 0.00656638, 0.01869, 0.00664284, 0.0120636, 0.00674416, 0.00588734, 0.00686453, 0.000141256, 0.00699711, -0.00519917, 0.00713398, -0.0101635, 0.00726598, -0.0147872, 0.00747357, -0.0183146, 0.00767028, -0.0208492, 0.00780639, -0.0227882, 0.00788305, -0.0242102, 0.00790247, -0.0251804, 0.00786741, -0.0257534, 0.00778096, -0.0259752, 0.00764626, -0.0258849, 0.00746628, -0.0255162, 0.00724375, -0.0248984, 0.00698104, -0.024057, 0.00668004, -0.0230144, 0.00634218, -0.0217905, 0.00596833, -0.0204026, 0.00555878, -0.0188661, 0.00511324, -0.0171945, 0.00463076, -0.0153995, 0.00410978, -0.013491, 0.00354806, -0.0114774, 0.00294267, -0.00936511, 0.00228997, -0.00715909, 0.00158555, -0.00486239, 0.000824262, -0.00247636
2.74424, -0.0138101, 0.121412, 0.314475, 0.701939, 0.0144748, 0.113841, -0.0045331, -0.0275772, -0.00986507, 2.74877, 0.0137671, 0.131277, 0.3, 0.588098, 0.0144748, 0.113841, 0.013512, 0.101277, 0.0126473, 0.0893408, 0.0118795, 0.0780203, 0.0112064, 0.067306, 0.0106252, 0.0571885, 0.010132, 0.0476582, 0.00972218, 0.0387045, 0.0093902, 0.0303152, 0.00912983, 0.022476, 0.00893401, 0.0151698, 0.00879491, 0.00837607, 0.00870387, 0.00207045, 0.00865141, -0.00377608, 0.00862712, -0.00919788, 0.00861953, -0.0142356, 0.00870475, -0.0181461, 0.00879622, -0.0210018, 0.00884253, -0.0232042, 0.00884236, -0.0248443, 0.00879597, -0.025997, 0.00870457, -0.0267244, 0.00857002, -0.0270786, 0.00839447, -0.0271037, 0.00818015, -0.0268373, 0.00792919, -0.0263116, 0.00764352, -0.0255548, 0.00732472, -0.0245912, 0.00697399, -0.0234422, 0.0065921, -0.0221266, 0.00617931, -0.0206609, 0.00573534, -0.0190595, 0.00525938, -0.0173347, 0.00475005, -0.0154972, 0.00420534, -0.0135558, 0.00362263, -0.0115177, 0.00299866, -0.00938818, 0.00232946, -0.00717085, 0.00161038, -0.00486747, 0.000836, -0.002478
2.75619, -0.0124438, 0.131958, 0.32121, 0.724777, 0.0212101, 0.115021, -0.00744004, -0.0282688, -0.0121195, 2.76363, 0.015825, 0.144077, 0.3, 0.609757, 0.0212101, 0.115021, 0.0195412, 0.101576, 0.0180457, 0.088854, 0.0167156, 0.0768408, 0.0155425, 0.0655234, 0.0145173, 0.0548883, 0.0136305, 0.0449209, 0.0128722, 0.0356049, 0.0122318, 0.0269218, 0.0116984, 0.0188499, 0.0112603, 0.011364, 0.0109056, 0.00443486, 0.0106215, -0.00197161, 0.0103946, -0.00789511, 0.0102106, -0.0133818, 0.0101394, -0.0177134, 0.0100955, -0.0209231, 0.0100259, -0.0234135, 0.00992629, -0.0252897, 0.00979436, -0.026638, 0.00962938, -0.0275293, 0.00943163, -0.0280229, 0.00920197, -0.0281683, 0.0089416, -0.0280076, 0.00865185, -0.0275766, 0.00833399, -0.0269064, 0.00798913, -0.0260234, 0.00761811, -0.0249511, 0.00722143, -0.0237095, 0.0067992, -0.0223165, 0.0063511, -0.0207872, 0.00587631, -0.019135, 0.00537353, -0.0173712, 0.00484094, -0.0155053, 0.00427614, -0.0135448, 0.00367617, -0.0114958, 0.00303744, -0.00936226, 0.00235574, -0.00714648, 0.00162615, -0.00484887, 0.000843075, -0.00246799
2.76812, -0.0109763, 0.143032, 0.328007, 0.746855, 0.0280065, 0.116076, -0.0103353, -0.0290536, -0.0144413, 2.77846, 0.0180773, 0.157473, 0.3, 0.630779, 0.0280065, 0.116076, 0.0256174, 0.101682, 0.0234803, 0.0881223, 0.0215798, 0.0753776, 0.0199006, 0.0634301, 0.0184271, 0.0522607, 0.0171439, 0.041848, 0.0160351, 0.0321684, 0.015085, 0.0231949, 0.0142775, 0.0148968, 0.0135961, 0.00723906, 0.0130244, 0.000181595, 0.0125451, -0.00632145, 0.0121407, -0.0123226, 0.0118732, -0.0171354, 0.0116587, -0.0207475, 0.0114425, -0.0235613, 0.0112164, -0.0256993, 0.0109751, -0.027261, 0.0107154, -0.0283279, 0.0104357, -0.0289677, 0.010135, -0.0292366, 0.00981344, -0.029182, 0.00947114, -0.0288439, 0.00910854, -0.0282565, 0.00872608, -0.0274493, 0.00832407, -0.0264476, 0.00790262, -0.0252734, 0.00746153, -0.0239458, 0.0070003, -0.0224812, 0.00651803, -0.0208939, 0.00601338, -0.0191959, 0.0054846, -0.0173975, 0.00492943, -0.0155069, 0.00434511, -0.0135305, 0.00372834, -0.0114729, 0.00307525, -0.00933701, 0.00238136, -0.00712373, 0.00164153, -0.00483209, 0.000849974, -0.00245928
2.78003, -0.00946517, 0.154866, 0.334867, 0.767643, 0.0348669, 0.116467, -0.0132286, -0.0299976, -0.0165979, 2.79326, 0.0205325, 0.171464, 0.3, 0.651176, 0.0348669, 0.116467, 0.0317462, 0.101088, 0.028959, 0.0866676, 0.0264823, 0.0731823, 0.0242932, 0.0606071, 0.0223692, 0.0489147, 0.0206883, 0.0380753, 0.0192287, 0.0280556, 0.0179686, 0.0188183, 0.0168866, 0.0103213, 0.0159612, 0.00251769, 0.0151708, -0.00464585, 0.0144937, -0.0112293, 0.0139834, -0.0165783, 0.0135576, -0.0206322, 0.0131588, -0.0237965, 0.0127745, -0.0262136, 0.0123957, -0.0279984, 0.0120162, -0.0292449, 0.0116318, -0.0300304, 0.0112399, -0.0304188, 0.0108387, -0.0304636, 0.0104271, -0.0302096, 0.0100044, -0.0296951, 0.00957028, -0.0289525, 0.00912424, -0.0280096, 0.00866584, -0.0268904, 0.00819446, -0.0256156, 0.00770927, -0.0242029, 0.00720915, -0.0226676, 0.00669263, -0.0210228, 0.0061579, -0.0192793, 0.00560274, -0.017446, 0.00502448, -0.01553, 0.00442001, -0.0135364, 0.0037857, -0.0114685, 0.00311741, -0.00932785, 0.00241039, -0.00711403, 0.00165929, -0.00482469, 0.000858111, -0.00245559
2.79192, -0.00784633, 0.167305, 0.341762, 0.787491, 0.0417617, 0.116533, -0.0160966, -0.0310451, -0.0187459, 2.80802, 0.0231988, 0.18605, 0.3, 0.670958, 0.0417617, 0.116533, 0.0378992, 0.100116, 0.034455, 0.0848001, 0.0313972, 0.0705527, 0.0286953, 0.0573399, 0.0263193, 0.0451245, 0.0242402, 0.0338655, 0.0224295, 0.0235179, 0.0208594, 0.0140316, 0.0195026, 0.00535116, 0.0183321, -0.00258514, 0.0173211, -0.00984605, 0.0165127, -0.0158191, 0.0158269, -0.0203859, 0.0152033, -0.0239539, 0.0146237, -0.0266891, 0.0140747, -0.0287253, 0.0135466, -0.0301709, 0.0130322, -0.0311149, 0.0125263, -0.0316303, 0.0120251, -0.0317778, 0.011526, -0.0316083, 0.0110268, -0.0311644, 0.010526, -0.0304823, 0.0100222, -0.0295927, 0.00951428, -0.028522, 0.00900097, -0.0272927, 0.00848096, -0.0259242, 0.00795276, -0.0244329, 0.00741467, -0.0228329, 0.00686468, -0.0211359, 0.0063005, -0.0193515, 0.00571946, -0.0174874, 0.00511852, -0.0155493, 0.00449422, -0.0135412, 0.00384262, -0.011465, 0.0031593, -0.00932082, 0.00243927, -0.00710701, 0.00167699, -0.00481979, 0.000866236, -0.00245351
2.80384, -0.00615384, 0.180403, 0.34862, 0.806479, 0.04862, 0.116342, -0.0188974, -0.0322384, -0.0208291, 2.82274, 0.0260846, 0.201232, 0.3, 0.690137, 0.04862, 0.116342, 0.0440145, 0.0988288, 0.0399142, 0.0825754, 0.0362781, 0.067539, 0.0330672, 0.0536737, 0.0302437, 0.0409297, 0.027771, 0.0292528, 0.0256138, 0.0185832, 0.0237378, 0.00885589, 0.0221095, -9.38476e-07, 0.0206959, -0.00806612, 0.0195272, -0.0147828, 0.0185265, -0.0199606, 0.0176303, -0.0240074, 0.0168139, -0.0271177, 0.0160584, -0.0294475, 0.0153495, -0.0311232, 0.0146766, -0.0322474, 0.0140313, -0.0329044, 0.0134075, -0.0331637, 0.0128004, -0.033083, 0.0122063, -0.0327105, 0.0116221, -0.0320868, 0.0110454, -0.0312463, 0.0104739, -0.0302181, 0.00990567, -0.029027, 0.00933875, -0.0276942, 0.00877113, -0.0262376, 0.00820069, -0.0246726, 0.00762515, -0.0230118, 0.00704201, -0.0212658, 0.0064485, -0.0194428, 0.00584155, -0.0175493, 0.00521772, -0.0155898, 0.00457323, -0.0135668, 0.00390385, -0.011481, 0.00320488, -0.00933123, 0.00247112, -0.00711441, 0.00169678, -0.0048254, 0.00087547, -0.00245713
2.81577, -0.00438403, 0.194038, 0.355495, 0.824982, 0.0554945, 0.116254, -0.0216429, -0.0335818, -0.022971, 2.83741, 0.0291978, 0.217009, 0.3, 0.708728, 0.0554945, 0.116254, 0.0501387, 0.0975531, 0.0453777, 0.0802908, 0.0411612, 0.0644109, 0.0374409, 0.0498532, 0.0341706, 0.0365523, 0.0313059, 0.0244375, 0.028804, 0.0134321, 0.0266236, 0.00345258, 0.0247247, -0.0055916, 0.0231194, -0.0132236, 0.0217369, -0.0191582, 0.0205104, -0.0237977, 0.0194069, -0.0273716, 0.0184011, -0.0300637, 0.0174732, -0.0320219, 0.016608, -0.0333661, 0.0157936, -0.0341942, 0.0150207, -0.0345863, 0.014282, -0.034609, 0.0135717, -0.0343172, 0.012885, -0.033757, 0.0122179, -0.0329672, 0.011567, -0.0319804, 0.0109293, -0.0308243, 0.0103021, -0.0295223, 0.0096825, -0.0280941, 0.00906797, -0.0265567, 0.00845577, -0.0249238, 0.00784306, -0.023207, 0.00722684, -0.0214157, 0.0066039, -0.0195568, 0.00597075, -0.0176355, 0.00532362, -0.015655, 0.00465837, -0.0136166, 0.0039705, -0.0115198, 0.00325506, -0.00936188, 0.0025066, -0.0071385, 0.00171913, -0.00484314, 0.000886057, -0.00246732
2.82771, -0.00251946, 0.208201, 0.362374, 0.843048, 0.0623741, 0.116304, -0.0243216, -0.0350659, -0.0251805, 2.85203, 0.0325465, 0.233382, 0.3, 0.726745, 0.0623741, 0.116304, 0.0562614, 0.096322, 0.0508364, 0.0779793, 0.0460383, 0.0612029, 0.0418094, 0.0459147, 0.0380942, 0.0320307, 0.03484, 0.0194606, 0.0319962, 0.00810761, 0.0295139, -0.00213286, 0.0273817, -0.0108991, 0.0255375, -0.0177793, 0.023912, -0.0231604, 0.0224623, -0.0273153, 0.0211548, -0.0304617, 0.019963, -0.0327743, 0.0188662, -0.0343942, 0.0178481, -0.0354362, 0.0168956, -0.0359937, 0.0159982, -0.0361438, 0.0151475, -0.03595, 0.0143366, -0.0354653, 0.0135596, -0.0347337, 0.0128117, -0.0337923, 0.0120884, -0.0326723, 0.0113861, -0.0313999, 0.010701, -0.0299972, 0.0100297, -0.0284829, 0.00936905, -0.0268724, 0.00871563, -0.0251784, 0.0080661, -0.0234113, 0.00741698, -0.021579, 0.00676462, -0.0196876, 0.00610515, -0.0177408, 0.00543444, -0.0157406, 0.00474806, -0.0136871, 0.00404121, -0.0115782, 0.00330869, -0.0094103, 0.00254484, -0.00717744, 0.00174343, -0.00487181, 0.000897673, -0.00248349
2.83975, -0.000502176, 0.222987, 0.369078, 0.86052, 0.0690784, 0.116318, -0.0268496, -0.0366406, -0.0273621, 2.8666, 0.0361384, 0.250349, 0.3, 0.744202, 0.0690784, 0.116318, 0.0622217, 0.0949994, 0.0561468, 0.0755401, 0.050782, 0.0578471, 0.0460595, 0.0418211, 0.0419143, 0.0273562, 0.0382849, 0.0143399, 0.0351124, 0.00265188, 0.0323532, -0.00750978, 0.029959, -0.0155648, 0.0278591, -0.0218703, 0.0259983, -0.0267517, 0.024333, -0.0304682, 0.0228289, -0.0332274, 0.0214584, -0.0351963, 0.0201997, -0.0365099, 0.0190351, -0.0372783, 0.0179504, -0.0375913, 0.0169341, -0.0375231, 0.0159765, -0.0371347, 0.0150695, -0.036477, 0.0142064, -0.0355924, 0.0133814, -0.0345163, 0.0125891, -0.0332786, 0.011825, -0.0319041, 0.0110846, -0.0304138, 0.010364, -0.0288249, 0.00965918, -0.0271518, 0.00896629, -0.025406, 0.00828145, -0.0235967, 0.00760073, -0.0217307, 0.00692008, -0.0198126, 0.00623526, -0.0178451, 0.00554182, -0.015829, 0.00483502, -0.0137629, 0.00410982, -0.0116437, 0.00336078, -0.00946635, 0.00258199, -0.0072236, 0.00176706, -0.00490626, 0.000908981, -0.00250304
2.85209, 0.00167545, 0.2386, 0.375171, 0.877559, 0.0751714, 0.116443, -0.0290044, -0.0383058, -0.0293126, 2.8811, 0.0399813, 0.267912, 0.3, 0.761116, 0.0751714, 0.116443, 0.0676333, 0.093757, 0.0609676, 0.0731657, 0.0550919, 0.0545529, 0.0499277, 0.0377954, 0.045401, 0.0227629, 0.0414415, 0.00931779, 0.0379621, -0.00257457, 0.0349351, -0.0121069, 0.032291, -0.0195822, 0.0299601, -0.0253898, 0.0278869, -0.0298393, 0.0260273, -0.033178, 0.0243461, -0.0356042, 0.0228147, -0.0372781, 0.0214103, -0.0383296, 0.020114, -0.0388645, 0.0189106, -0.0389694, 0.0177873, -0.0387159, 0.0167335, -0.038163, 0.0157402, -0.0373596, 0.0147996, -0.0363466, 0.0139051, -0.0351582, 0.0130506, -0.0338227, 0.0122306, -0.0323639, 0.0114403, -0.0308016, 0.0106749, -0.0291519, 0.00992992, -0.027428, 0.00920103, -0.0256405, 0.00848388, -0.0237971, 0.00777415, -0.0219037, 0.00706741, -0.0199638, 0.0063591, -0.0179788, 0.00564449, -0.0159483, 0.00491859, -0.0138697, 0.0041761, -0.0117388, 0.00341136, -0.00954896, 0.0026183, -0.00729188, 0.0017903, -0.00495695, 0.00092018, -0.00253145
2.86461, 0.00411467, 0.254936, 0.380883, 0.893976, 0.0808833, 0.116475, -0.0309136, -0.0399678, -0.0311353, 2.89552, 0.0440824, 0.286071, 0.3, 0.777501, 0.0808833, 0.116475, 0.0727021, 0.0924235, 0.0654833, 0.0707201, 0.0591329, 0.0512218, 0.0535623, 0.0337785, 0.0486879, 0.018233, 0.0443662, 0.00423437, 0.0405979, -0.00711493, 0.037318, -0.0160345, 0.0344391, -0.0229909, 0.0318916, -0.0283544, 0.0296199, -0.03242, 0.0275791, -0.035424, 0.025733, -0.0375568, 0.0240522, -0.0389722, 0.0225126, -0.0397952, 0.0210944, -0.040128, 0.0197812, -0.0400542, 0.0185592, -0.039643, 0.0174168, -0.0389513, 0.0163441, -0.0380265, 0.0153323, -0.0369079, 0.014374, -0.0356283, 0.0134624, -0.0342149, 0.0125915, -0.0326904, 0.0117555, -0.0310732, 0.0109493, -0.0293786, 0.0101678, -0.0276186, 0.0094062, -0.0258025, 0.00865982, -0.0239373, 0.00792393, -0.0220274, 0.00719377, -0.0200753, 0.00646451, -0.0180814, 0.00573114, -0.0160439, 0.00498846, -0.0139593, 0.00423095, -0.0118219, 0.00345278, -0.00962394, 0.00264768, -0.00735585, 0.00180887, -0.00500568, 0.000929018, -0.00255935
2.87713, 0.00675137, 0.271785, 0.386608, 0.910306, 0.0866078, 0.116931, -0.0327428, -0.0416978, -0.0330403, 2.90987, 0.0484492, 0.304825, 0.3, 0.793375, 0.0866078, 0.116931, 0.0777821, 0.0914504, 0.070013, 0.0686003, 0.0631947, 0.0482082, 0.0572278, 0.0300944, 0.0518944, 0.0134826, 0.0472348, -0.000139831, 0.0431919, -0.0108718, 0.0396569, -0.0192747, 0.0365428, -0.0257934, 0.0337796, -0.0307819, 0.031311, -0.0345233, 0.0290912, -0.037245, 0.0270828, -0.0391303, 0.0252553, -0.0403282, 0.0235834, -0.0409595, 0.0220461, -0.0411234, 0.0206259, -0.0409011, 0.0193077, -0.0403595, 0.0180791, -0.0395542, 0.0169291, -0.0385309, 0.0158481, -0.0373277, 0.0148279, -0.0359762, 0.0138609, -0.0345026, 0.0129403, -0.0329283, 0.01206, -0.031271, 0.0112141, -0.0295446, 0.0103971, -0.0277602, 0.00960372, -0.0259261, 0.00882891, -0.0240482, 0.00806758, -0.0221299, 0.00731468, -0.0201726, 0.00656509, -0.0181754, 0.00581357, -0.0161356, 0.00505468, -0.0140484, 0.00428273, -0.011907, 0.0034917, -0.00970248, 0.00267515, -0.00742391, 0.00182615, -0.00505809, 0.000937194, -0.00258955
2.88969, 0.00953184, 0.289129, 0.39234, 0.927204, 0.09234, 0.118451, -0.0344507, -0.0435567, -0.0350455, 2.92414, 0.0530885, 0.324174, 0.3, 0.808753, 0.09234, 0.118451, 0.0828748, 0.0914359, 0.0745663, 0.067376, 0.0672965, 0.0460654, 0.0607485, 0.0261501, 0.0550176, 0.00962816, 0.0500601, -0.00342491, 0.0457407, -0.0136888, 0.041951, -0.0217013, 0.0386035, -0.0278901, 0.0356275, -0.0325966, 0.0329655, -0.0360945, 0.0305705, -0.0386043, 0.0284038, -0.0403043, 0.0264335, -0.0413394, 0.0246331, -0.0418277, 0.0229802, -0.041866, 0.0214561, -0.0415338, 0.0200448, -0.0408966, 0.0187327, -0.0400086, 0.0175077, -0.0389145, 0.0163597, -0.0376514, 0.0152793, -0.0362501, 0.0142584, -0.0347356, 0.0132895, -0.0331287, 0.0123658, -0.0314461, 0.011481, -0.0297008, 0.010629, -0.027903, 0.00980435, -0.0260601, 0.00900139, -0.0241769, 0.00821477, -0.0222559, 0.00743915, -0.0202974, 0.00666914, -0.0182996, 0.00589929, -0.0162587, 0.00512394, -0.0141686, 0.00433721, -0.0120215, 0.00353292, -0.00980735, 0.00270446, -0.00751384, 0.00184473, -0.00512651, 0.000946064, -0.0026285
2.90244, 0.012467, 0.307071, 0.397821, 0.945397, 0.097821, 0.121747, -0.0358674, -0.0455401, -0.0370472, 2.93831, 0.0580072, 0.344119, 0.3, 0.82365, 0.097821, 0.121747, 0.0877603, 0.0931012, 0.0789621, 0.0677875, 0.0709768, 0.0436597, 0.0639758, 0.0234008, 0.0579384, 0.00734055, 0.0526965, -0.00534853, 0.0481152, -0.0153208, 0.0440856, -0.0230958, 0.0405196, -0.0290882, 0.0373452, -0.0336296, 0.0345036, -0.0369872, 0.0319464, -0.0393766, 0.0296335, -0.0409725, 0.0275317, -0.0419174, 0.025613, -0.0423274, 0.0238539, -0.042298, 0.0222345, -0.0419076, 0.0207377, -0.041221, 0.0193488, -0.0402915, 0.018055, -0.0391633, 0.0168452, -0.0378729, 0.0157093, -0.0364504, 0.0146386, -0.0349204, 0.0136249, -0.0333029, 0.0126608, -0.0316139, 0.0117397, -0.0298658, 0.0108551, -0.0280681, 0.0100009, -0.0262273, 0.00917126, -0.0243474, 0.00836056, -0.02243, 0.00756317, -0.0204746, 0.00677349, -0.0184782, 0.00598583, -0.0164362, 0.00519436, -0.0143414, 0.00439305, -0.0121848, 0.00357552, -0.00995519, 0.00273502, -0.00763905, 0.0018643, -0.00522053, 0.000955505, -0.00268132
2.91556, 0.0156471, 0.325772, 0.402768, 0.965614, 0.102768, 0.127531, -0.0368123, -0.0475646, -0.0388869, 2.95238, 0.0632116, 0.364659, 0.3, 0.838084, 0.102768, 0.127531, 0.092206, 0.0972291, 0.082544, 0.0677473, 0.0740586, 0.0426852, 0.0667651, 0.0227378, 0.0604556, 0.00689418, 0.0549629, -0.00564494, 0.050152, -0.0155138, 0.0459133, -0.023218, 0.0421576, -0.0291621, 0.0388116, -0.033671, 0.0358154, -0.0370071, 0.033119, -0.0393829, 0.0306812, -0.040971, 0.0284671, -0.0419123, 0.0264478, -0.0423224, 0.0245985, -0.042296, 0.0228982, -0.0419113, 0.021329, -0.0412327, 0.0198751, -0.0403135, 0.0185231, -0.0391977, 0.0172609, -0.0379216, 0.0160781, -0.036515, 0.0149651, -0.0350023, 0.0139133, -0.0334032, 0.012915, -0.0317332, 0.0119629, -0.0300043, 0.0110503, -0.0282254, 0.0101708, -0.0264024, 0.00931825, -0.0245388, 0.00848682, -0.0226352, 0.00767065, -0.0206905, 0.00686396, -0.0187008, 0.0060609, -0.0166604, 0.0052555, -0.0145614, 0.00444157, -0.0123935, 0.00361261, -0.0101442, 0.00276174, -0.00779899, 0.00188155, -0.00534042, 0.000926137, -0.00274352
2.929, 0.0191669, 0.345179, 0.407402, 0.988992, 0.107402, 0.136923, -0.0373292, -0.0495412, -0.0406148, 2.96633, 0.0687081, 0.385794, 0.3, 0.852068, 0.107402, 0.136923, 0.0957543, 0.100448, 0.0855071, 0.0695565, 0.0767308, 0.0444107, 0.0691674, 0.0244696, 0.0626098, 0.00857758, 0.0568907, -0.0040437, 0.0518744, -0.014014, 0.0474503, -0.021829, 0.0435277, -0.0278869, 0.0400321, -0.0325085, 0.0369018, -0.0359538, 0.0340855, -0.0384336, 0.0315406, -0.0401203, 0.029231, -0.0411546, 0.0271264, -0.0416521, 0.0252011, -0.041708, 0.023433, -0.0414009, 0.0218033, -0.0407957, 0.0202954, -0.039946, 0.018895, -0.0388962, 0.0175896, -0.0376829, 0.016368, -0.0363361, 0.0152202, -0.0348802, 0.0141372, -0.0333349, 0.0131109, -0.0317155, 0.0121335, -0.030034, 0.0111982, -0.0282988, 0.0102982, -0.0265154, 0.00942729, -0.0246868, 0.00857932, -0.0228133, 0.00774832, -0.0208928, 0.00692838, -0.0189208, 0.00611352, -0.0168908, 0.00529767, -0.0147937, 0.00447453, -0.0126185, 0.00363752, -0.0103515, 0.00277964, -0.00797664, 0.00181801, -0.00546499, 0.000904493, -0.00280881
2.94265, 0.0230066, 0.365171, 0.411235, 0.98633, 0.111235, 0.139225, -0.0375203, -0.0514948, -0.0420793, 2.98017, 0.0745015, 0.40725, 0.3, 0.847106, 0.111235, 0.139225, 0.098834, 0.10836, 0.088257, 0.0779503, 0.0791861, 0.0490863, 0.0713543, 0.0288065, 0.0645541, 0.0125663, 0.0586168, -0.000399169, 0.053405, -0.0107012, 0.0488064, -0.0188306, 0.0447284, -0.0251831, 0.0410946, -0.0300786, 0.0378417, -0.0337771, 0.0349168, -0.0364905, 0.0322755, -0.0383921, 0.0298805, -0.0396241, 0.0277004, -0.0403036, 0.025708, -0.0405272, 0.0238805, -0.0403748, 0.0221979, -0.0399125, 0.020643, -0.0391952, 0.0192009, -0.038268, 0.0178582, -0.0371685, 0.0166033, -0.0359272, 0.0154258, -0.0345691, 0.0143162, -0.0331142, 0.013266, -0.031578, 0.0122673, -0.0299726, 0.0113128, -0.0283063, 0.0103957, -0.0265845, 0.00950949, -0.0248099, 0.00864793, -0.0229822, 0.00780491, -0.021099, 0.00697442, -0.0191552, 0.0061504, -0.0171433, 0.0053267, -0.0150535, 0.00449696, -0.0128737, 0.00365453, -0.0105891, 0.00267996, -0.00816699, 0.00177189, -0.00559982, 0.000881536, -0.00287981
2.95634, 0.0271369, 0.385637, 0.414319, 0.975726, 0.114319, 0.142765, -0.0375399, -0.053452, -0.0425343, 2.99388, 0.0805889, 0.428172, 0.3, 0.832962, 0.114319, 0.142765, 0.101633, 0.112354, 0.0907828, 0.0824136, 0.0814568, 0.0530006, 0.0733889, 0.0325391, 0.0663722, 0.0160797, 0.0602379, 0.00287585, 0.054848, -0.00767146, 0.0500888, -0.0160449, 0.0458666, -0.0226348, 0.0421039, -0.0277582, 0.0387356, -0.031673, 0.0357078, -0.0345906, 0.0329749, -0.0366841, 0.0304983, -0.038096, 0.0282454, -0.038944, 0.0261883, -0.0393254, 0.024303, -0.0393208, 0.022569, -0.038997, 0.0209683, -0.0384095, 0.0194852, -0.0376041, 0.0181059, -0.0366188, 0.0168184, -0.0354844, 0.0156116, -0.0342263, 0.0144759, -0.0328646, 0.0134023, -0.0314149, 0.0123827, -0.029889, 0.0114097, -0.0282953, 0.0104762, -0.0266388, 0.0095755, -0.0249218, 0.00870129, -0.0231435, 0.00784735, -0.021301, 0.00700759, -0.0193883, 0.00617589, -0.0173974, 0.00534603, -0.0153174, 0.00451161, -0.0131351, 0.00351752, -0.0108142, 0.00260781, -0.00834751, 0.00172419, -0.00572737, 0.000857805, -0.00294724
2.97006, 0.0313065, 0.406579, 0.417127, 0.962426, 0.117127, 0.144062, -0.0374061, -0.0556512, -0.0419196, 3.00746, 0.0869577, 0.448498, 0.3, 0.818364, 0.117127, 0.144062, 0.104227, 0.114101, 0.0931626, 0.0846138, 0.0836278, 0.0556405, 0.0753619, 0.0348601, 0.0681593, 0.0183486, 0.0618524, 0.00504811, 0.0563035, -0.00562412, 0.0513988, -0.014139, 0.047044, -0.0208788, 0.0431608, -0.0261548, 0.0396836, -0.0302213, 0.0365573, -0.0332871, 0.0337354, -0.0355239, 0.0311786, -0.0370735, 0.0288535, -0.0380528, 0.0267312, -0.0385593, 0.0247872, -0.0386734, 0.0230002, -0.0384623, 0.0213517, -0.0379814, 0.0198254, -0.0372768, 0.0184071, -0.0363865, 0.0170842, -0.0353415, 0.0158455, -0.034167, 0.0146808, -0.0328831, 0.0135811, -0.0315053, 0.0125379, -0.030045, 0.0115436, -0.0285103, 0.010591, -0.0269059, 0.00967324, -0.0252332, 0.00878389, -0.0234912, 0.00791664, -0.0216758, 0.00706532, -0.0197805, 0.00622374, -0.0177961, 0.00538565, -0.0157108, 0.00436003, -0.0134848, 0.00343682, -0.0111111, 0.00254799, -0.00858214, 0.00168463, -0.00589189, 0.000838127, -0.00303361
2.98408, 0.0356547, 0.428159, 0.419055, 0.946693, 0.119055, 0.143397, -0.0368282, -0.0579426, -0.0400709, 3.02091, 0.0935973, 0.468229, 0.3, 0.803296, 0.119055, 0.143397, 0.106073, 0.113922, 0.0949079, 0.0849358, 0.0852604, 0.0564799, 0.0768776, 0.0359109, 0.0695585, 0.019514, 0.0631381, 0.00625539, 0.0574806, -0.00442636, 0.0524734, -0.0129865, 0.0480228, -0.0197957, 0.0440506, -0.0251569, 0.0404912, -0.0293185, 0.0372892, -0.032485, 0.0343979, -0.0348249, 0.0317775, -0.0364778, 0.0293941, -0.0375595, 0.0272187, -0.038166, 0.0252261, -0.0383773, 0.0233947, -0.0382599, 0.0217055, -0.037869, 0.0201421, -0.0372504, 0.0186899, -0.0364418, 0.017336, -0.0354739, 0.016069, -0.0343717, 0.0148784, -0.0331549, 0.0137551, -0.0318385, 0.0126905, -0.0304338, 0.0116767, -0.028948, 0.0107066, -0.0273853, 0.00977309, -0.0257465, 0.00886979, -0.0240297, 0.00799032, -0.02223, 0.00712845, -0.0203398, 0.00627798, -0.0183489, 0.00521137, -0.0162137, 0.00426553, -0.0139277, 0.00336233, -0.0114833, 0.00249276, -0.00887496, 0.00164812, -0.00609635, 0.000819961, -0.00314054
2.99872, 0.0405205, 0.451064, 0.419172, 0.926494, 0.119172, 0.138752, -0.0355161, -0.0599764, -0.0363011, 3.03423, 0.100497, 0.487365, 0.3, 0.787742, 0.119172, 0.138752, 0.106355, 0.109799, 0.0952981, 0.0813637, 0.0857167, 0.0540926, 0.0773698, 0.0345075, 0.0700652, 0.0185841, 0.0636443, 0.00566885, 0.0579756, -0.00476854, 0.05295, -0.0131597, 0.0484763, -0.0198573, 0.0444782, -0.0251506, 0.0408912, -0.0292776, 0.0376612, -0.0324345, 0.0347419, -0.0347839, 0.0320942, -0.0364605, 0.0296843, -0.0375765, 0.0274835, -0.0382251, 0.0254667, -0.0384841, 0.0236124, -0.038418, 0.0219016, -0.0380808, 0.0203179, -0.0375169, 0.0188467, -0.0367629, 0.0174751, -0.0358488, 0.0161916, -0.0347985, 0.014986, -0.033631, 0.0138487, -0.0323605, 0.0127715, -0.0309973, 0.0117464, -0.029548, 0.0107662, -0.0280156, 0.0098241, -0.0264003, 0.0089135, -0.0246989, 0.00802814, -0.0229055, 0.00716186, -0.0210113, 0.0060504, -0.0189693, 0.00507798, -0.0167731, 0.00415634, -0.0144154, 0.00327627, -0.011891, 0.00242896, -0.00919413, 0.00160594, -0.00631821, 0.000798973, -0.0032561
3.01375, 0.0454676, 0.475053, 0.418266, 0.902406, 0.118266, 0.130719, -0.0336718, -0.0621787, -0.0308524, 3.04742, 0.107646, 0.505906, 0.3, 0.771687, 0.118266, 0.130719, 0.105768, 0.102285, 0.094952, 0.0743848, 0.08555, 0.0494298, 0.077337, 0.0307499, 0.0701309, 0.0155267, 0.0637814, 0.00315206, 0.0581633, -0.00686884, 0.0531721, -0.0149404, 0.0487205, -0.0213943, 0.044735, -0.0265033, 0.0411535, -0.0304926, 0.0379235, -0.0335486, 0.0350001, -0.0358261, 0.0323452, -0.0374535, 0.029926, -0.0385383, 0.0277142, -0.0391699, 0.0256853, -0.0394227, 0.0238182, -0.039359, 0.0220942, -0.0390305, 0.0204971, -0.0384798, 0.0190126, -0.0377421, 0.017628, -0.0368459, 0.0163318, -0.0358139, 0.0151139, -0.0346638, 0.0139652, -0.0334087, 0.0128771, -0.0320577, 0.0118421, -0.0306163, 0.0108528, -0.0290865, 0.00990274, -0.0274669, 0.00898532, -0.0257532, 0.0080944, -0.0239382, 0.00692578, -0.0219705, 0.00591583, -0.0198442, 0.00496504, -0.0175519, 0.0040639, -0.015089, 0.0032034, -0.0124499, 0.00237493, -0.00962862, 0.00157022, -0.00661831, 0.000781203, -0.0034115
3.02914, 0.0507191, 0.499681, 0.416341, 0.875201, 0.116341, 0.120088, -0.0313358, -0.0643158, -0.0241699, 3.06047, 0.115035, 0.523851, 0.3, 0.755114, 0.116341, 0.120088, 0.104294, 0.0921898, 0.0938358, 0.0648414, 0.0847139, 0.0427196, 0.0767222, 0.0251584, 0.069691, 0.0108224, 0.0634793, -0.000847464, 0.0579694, -0.010308, 0.0530629, -0.0179337, 0.0486772, -0.024033, 0.0447423, -0.0288602, 0.0411994, -0.032626, 0.0379981, -0.0355054, 0.0350957, -0.0376439, 0.0324555, -0.0391631, 0.0300458, -0.0401642, 0.0278395, -0.0407319, 0.025813, -0.0409371, 0.0239456, -0.0408386, 0.0222195, -0.0404853, 0.0206187, -0.0399178, 0.0191293, -0.039169, 0.017739, -0.0382657, 0.0164368, -0.037229, 0.0152126, -0.0360751, 0.0140575, -0.0348155, 0.0129634, -0.033458, 0.0119228, -0.0320066, 0.0109287, -0.0304617, 0.00997447, -0.0288208, 0.00905397, -0.027078, 0.00782037, -0.0251773, 0.00676605, -0.023113, 0.0057794, -0.0208779, 0.00485054, -0.0184678, 0.00397018, -0.0158776, 0.00312952, -0.0131016, 0.00232016, -0.0101333, 0.001534, -0.00696567, 0.000763187, -0.00359077
3.04488, 0.0563931, 0.524888, 0.413315, 0.844051, 0.113315, 0.106044, -0.0285123, -0.0662597, -0.0163127, 3.0734, 0.122653, 0.5412, 0.3, 0.738007, 0.113315, 0.106044, 0.101855, 0.0786273, 0.0918712, 0.0534936, 0.0831335, 0.0337102, 0.0754543, 0.017513, 0.0686776, 0.00428118, 0.0626733, -0.00649233, 0.0573325, -0.0152233, 0.0525639, -0.0222538, 0.0482904, -0.0278665, 0.044447, -0.0322952, 0.0409783, -0.0357345, 0.0378371, -0.0383462, 0.034983, -0.0402653, 0.0323815, -0.0416048, 0.0300026, -0.042459, 0.0278206, -0.0429069, 0.0258128, -0.0430146, 0.0239598, -0.042837, 0.0222444, -0.0424196, 0.0206514, -0.0418001, 0.0191675, -0.0410088, 0.0177808, -0.0400701, 0.0164809, -0.0390032, 0.0152581, -0.0378222, 0.0141038, -0.036537, 0.0130103, -0.0351535, 0.0119703, -0.033674, 0.0109772, -0.0320974, 0.0100247, -0.0304193, 0.00872082, -0.0285786, 0.00761764, -0.0265701, 0.00659065, -0.0243865, 0.00562957, -0.0220241, 0.00472478, -0.0194782, 0.00386724, -0.0167434, 0.00304838, -0.0138139, 0.00226001, -0.0106827, 0.00149423, -0.00734227, 0.000743405, -0.00378455
3.06117, 0.062577, 0.550905, 0.408747, 0.808602, 0.108747, 0.0882513, -0.0250147, -0.0679129, -0.00704932, 3.08619, 0.13049, 0.557955, 0.3, 0.720351, 0.108747, 0.0882513, 0.0980554, 0.0618059, 0.0887049, 0.0400871, 0.0804928, 0.0222687, 0.0732506, 0.00767748, 0.0668381, -0.00423689, 0.0611379, -0.013926, 0.0560515, -0.0217614, 0.051496, -0.0280504, 0.0474013, -0.0330473, 0.0437079, -0.0369635, 0.0403652, -0.0399753, 0.0373298, -0.0422298, 0.0345646, -0.0438501, 0.0320377, -0.0449393, 0.0297214, -0.0455839, 0.0275917, -0.045856, 0.0256278, -0.0458161, 0.0238115, -0.0455143, 0.0221266, -0.0449922, 0.0205592, -0.0442838, 0.0190967, -0.0434165, 0.017728, -0.0424118, 0.0164433, -0.0412864, 0.0152336, -0.040052, 0.0140909, -0.0387165, 0.0130079, -0.0372836, 0.0119779, -0.0357536, 0.0109945, -0.0341236, 0.00961612, -0.0323266, 0.00846118, -0.0303576, 0.00739085, -0.0282095, 0.00639443, -0.0258788, 0.00546196, -0.0233614, 0.00458411, -0.0206523, 0.00375211, -0.0177458, 0.00295763, -0.0146355, 0.00219272, -0.0113141, 0.00144974, -0.0077738, 0.000721272, -0.00400577
3.07761, 0.0692728, 0.577146, 0.403372, 0.768606, 0.103372, 0.0664763, -0.0212346, -0.0692636, 0.00303274, 3.09885, 0.138536, 0.574114, 0.3, 0.70213, 0.103372, 0.0664763, 0.0935357, 0.0432632, 0.084899, 0.0242003, 0.0772839, 0.00857285, 0.0705422, -0.00420411, 0.0645502, -0.0146106, 0.059204, -0.023042, 0.0544163, -0.029825, 0.0501131, -0.0352304, 0.0462318, -0.0394834, 0.0427192, -0.0427718, 0.0395297, -0.0452524, 0.0366243, -0.0470568, 0.0339695, -0.048295, 0.0315362, -0.0490594, 0.0292995, -0.0494274, 0.0272374, -0.0494639, 0.025331, -0.0492229, 0.0235635, -0.0487491, 0.0219203, -0.0480794, 0.0203885, -0.0472436, 0.0189566, -0.0462657, 0.0176144, -0.0451638, 0.0163529, -0.0439517, 0.0151638, -0.0426386, 0.0140398, -0.0412295, 0.0129742, -0.0397261, 0.0119607, -0.0381263, 0.0105042, -0.036357, 0.00929492, -0.0344133, 0.00817856, -0.032288, 0.00714398, -0.0299781, 0.00618085, -0.0274797, 0.00527953, -0.0247884, 0.004431, -0.0218988, 0.00362678, -0.0188048, 0.00285884, -0.0154996, 0.00211948, -0.0119754, 0.00140132, -0.00822377, 0.00069718, -0.00423552
3.09413, 0.0765303, 0.603299, 0.397316, 0.72575, 0.0973157, 0.0424207, -0.0172526, -0.0702524, 0.0136216, 3.11138, 0.146783, 0.589677, 0.3, 0.68333, 0.0973157, 0.0424207, 0.0884006, 0.0226054, 0.0805376, 0.00636219, 0.0735741, -0.00691622, 0.0673826, -0.0177287, 0.061856, -0.0264864, 0.0569044, -0.0335291, 0.0524517, -0.0391386, 0.0484336, -0.0435495, 0.0447953, -0.0469573, 0.0414899, -0.0495258, 0.0384775, -0.051392, 0.0357235, -0.052671, 0.0331983, -0.0534592, 0.0308761, -0.0538377, 0.0287347, -0.0538745, 0.0267544, -0.0536262, 0.0249184, -0.05314, 0.0232116, -0.0524546, 0.021621, -0.0516019, 0.0201349, -0.0506071, 0.0187429, -0.04949, 0.0174361, -0.0482653, 0.0162061, -0.0469434, 0.0150457, -0.0455306, 0.0139482, -0.0440292, 0.0129076, -0.0424381, 0.0113711, -0.0406771, 0.0101065, -0.0387414, 0.008943, -0.0366236, 0.0078689, -0.0343212, 0.0068735, -0.0318307, 0.00594683, -0.0291479, 0.00507964, -0.0262679, 0.00426324, -0.0231849, 0.00348947, -0.0198924, 0.0027506, -0.016383, 0.00203924, -0.0126485, 0.00134827, -0.00867992, 0.000670784, -0.0044675
3.11016, 0.0843794, 0.628791, 0.391453, 0.679911, 0.0914529, 0.015975, -0.0136187, -0.0708398, 0.0241455, 3.12378, 0.155219, 0.604646, 0.3, 0.663936, 0.0914529, 0.015975, 0.0834237, -0.000270747, 0.0763056, -0.0135178, 0.0699697, -0.0242713, 0.0643081, -0.0329484, 0.0592299, -0.0398937, 0.0546584, -0.0453933, 0.0505287, -0.0496852, 0.0467852, -0.052968, 0.0433808, -0.0554079, 0.0402751, -0.0571442, 0.0374332, -0.0582938, 0.0348252, -0.0589547, 0.032425, -0.0592095, 0.0302102, -0.0591272, 0.028161, -0.0587655, 0.0262602, -0.0581725, 0.0244929, -0.0573876, 0.0228457, -0.0564433, 0.021307, -0.0553656, 0.0198666, -0.0541746, 0.0185152, -0.0528858, 0.0172447, -0.0515098, 0.016048, -0.0500535, 0.0149185, -0.0485197, 0.0138503, -0.0469079, 0.0122309, -0.04513, 0.0109086, -0.0431815, 0.00969548, -0.0410546, 0.00857928, -0.0387471, 0.00754887, -0.036256, 0.00659395, -0.0335773, 0.00570497, -0.0307063, 0.00487304, -0.0276378, 0.00408985, -0.0243655, 0.00334755, -0.0208823, 0.00263873, -0.0171804, 0.0019563, -0.0132512, 0.00129343, -0.00908519, 0.000643502, -0.00467204
3.12597, 0.0930105, 0.653111, 0.385322, 0.633715, 0.0853223, -0.0102204, -0.0100922, -0.0708263, 0.0340927, 3.13606, 0.163837, 0.619018, 0.3, 0.643935, 0.0853223, -0.0102204, 0.0781707, -0.0229878, 0.0717949, -0.0332977, 0.0660884, -0.0415626, 0.0609618, -0.0481239, 0.0563392, -0.0532652, 0.0521567, -0.0572223, 0.0483596, -0.0601923, 0.0449012, -0.0623398, 0.0417416, -0.063803, 0.0388465, -0.0646978, 0.0361862, -0.0651217, 0.033735, -0.0651563, 0.0314705, -0.0648702, 0.0293734, -0.0643207, 0.0274266, -0.0635554, 0.0256153, -0.0626135, 0.0239264, -0.0615272, 0.0223485, -0.0603221, 0.0208713, -0.0590185, 0.0194858, -0.0576316, 0.0181843, -0.0561721, 0.0169595, -0.0546467, 0.0158053, -0.0530588, 0.0147161, -0.0514078, 0.0130191, -0.0495978, 0.0116439, -0.0476241, 0.0103851, -0.0454789, 0.00923014, -0.0431601, 0.00816751, -0.0406649, 0.00718656, -0.0379897, 0.00627747, -0.0351302, 0.00543116, -0.0320814, 0.00463916, -0.0288373, 0.00389356, -0.0253914, 0.00318689, -0.0217361, 0.00251209, -0.0178632, 0.00186241, -0.0137635, 0.00123135, -0.00942714, 0.000612616, -0.00484338
3.14197, 0.102294, 0.677143, 0.378171, 0.585716, 0.0781714, -0.0375993, -0.00624369, -0.0703326, 0.0443472, 3.14821, 0.172626, 0.632796, 0.3, 0.623315, 0.0781714, -0.0375993, 0.0719896, -0.0468601, 0.0664415, -0.0541933, 0.0614431, -0.0599226, 0.0569236, -0.0643177, 0.0528229, -0.067603, 0.0490897, -0.0699659, 0.0456803, -0.0715635, 0.0425571, -0.0725273, 0.039688, -0.0729679, 0.037045, -0.0729781, 0.0346039, -0.0726358, 0.0323438, -0.0720064, 0.0302462, -0.0711444, 0.0282953, -0.070095, 0.026477, -0.0688958, 0.024779, -0.0675769, 0.0231904, -0.0661628, 0.0217018, -0.0646724, 0.0203046, -0.0631201, 0.0189916, -0.0615156, 0.0177561, -0.0598653, 0.0165923, -0.0581718, 0.0154953, -0.0564344, 0.0137251, -0.0545478, 0.0123025, -0.0525073, 0.011003, -0.0503045, 0.00981347, -0.0479374, 0.00872211, -0.0454035, 0.00771796, -0.0426994, 0.00679101, -0.0398209, 0.00593196, -0.0367634, 0.00513223, -0.0335211, 0.00438382, -0.0300877, 0.00367926, -0.0264561, 0.00301148, -0.0226182, 0.00237382, -0.0185654, 0.0017599, -0.014288, 0.00116358, -0.0097757, 0.000578898, -0.00501726
3.15791, 0.11228, 0.700505, 0.370388, 0.536201, 0.0703877, -0.0658642, -0.00234047, -0.069299, 0.0545264, 3.16025, 0.181579, 0.645978, 0.3, 0.602065, 0.0703877, -0.0658642, 0.0652206, -0.0716188, 0.0605439, -0.0759581, 0.0562956, -0.0791231, 0.0524233, -0.0813156, 0.048882, -0.0827043, 0.0456335, -0.0834303, 0.0426448, -0.0836122, 0.0398877, -0.0833496, 0.0373376, -0.0827263, 0.0349732, -0.0818123, 0.032776, -0.0806665, 0.0307298, -0.0793379, 0.0288204, -0.0778671, 0.0270354, -0.0762873, 0.0253639, -0.0746255, 0.0237963, -0.0729031, 0.0223242, -0.0711366, 0.0209401, -0.0693381, 0.0196374, -0.0675157, 0.0184106, -0.0656742, 0.0172545, -0.0638149, 0.0161648, -0.0619365, 0.0143282, -0.0599228, 0.0128661, -0.0577687, 0.0115325, -0.0554652, 0.0103143, -0.0530104, 0.00919929, -0.0504018, 0.00817623, -0.047636, 0.00723494, -0.044709, 0.00636599, -0.0416163, 0.00556071, -0.0383523, 0.00481103, -0.0349109, 0.00410946, -0.0312852, 0.00344899, -0.0274675, 0.00282301, -0.0234493, 0.00222526, -0.0192215, 0.00164976, -0.014774, 0.00109076, -0.0100959, 0.000542667, -0.0051756
3.17398, 0.122305, 0.723216, 0.362491, 0.487379, 0.0624914, -0.0927979, 0.00180533, -0.068381, 0.0646505, 3.17217, 0.190686, 0.658565, 0.3, 0.580176, 0.0624914, -0.0927979, 0.0583316, -0.0954078, 0.0545252, -0.0970506, 0.0510305, -0.0978966, 0.0478118, -0.0980894, 0.0448387, -0.0977493, 0.0420849, -0.0969775, 0.0395279, -0.0958592, 0.0371479, -0.094466, 0.0349279, -0.0928579, 0.0328531, -0.0910854, 0.0309102, -0.08919, 0.029088, -0.0872064, 0.0273763, -0.0851626, 0.0257664, -0.0830811, 0.0242503, -0.0809796, 0.0228213, -0.0788713, 0.0214734, -0.0767654, 0.0202014, -0.0746679, 0.0190006, -0.0725814, 0.0178672, -0.0705057, 0.0167978, -0.068438, 0.0148928, -0.0662494, 0.0133922, -0.0639343, 0.0120256, -0.0614828, 0.0107792, -0.0588928, 0.00964056, -0.0561618, 0.00859835, -0.0532866, 0.00764212, -0.0502631, 0.00676232, -0.0470866, 0.00595014, -0.043752, 0.00519746, -0.040253, 0.00449675, -0.0365829, 0.00384102, -0.0327342, 0.00322369, -0.0286986, 0.0026386, -0.0244671, 0.0020799, -0.02003, 0.00154199, -0.0153765, 0.00101951, -0.0104954, 0.000507218, -0.00537444
3.19018, 0.132933, 0.745376, 0.35375, 0.437517, 0.0537502, -0.120124, 0.00620644, -0.0670053, 0.0748193, 3.18398, 0.199938, 0.670556, 0.3, 0.557641, 0.0537502, -0.120124, 0.0506664, -0.119665, 0.0477956, -0.118666, 0.0451157, -0.11723, 0.0426082, -0.115447, 0.0402568, -0.113392, 0.0380475, -0.111129, 0.0359681, -0.108712, 0.0340078, -0.106185, 0.0321573, -0.103587, 0.0304082, -0.100948, 0.0287532, -0.0982931, 0.0271859, -0.0956437, 0.0257005, -0.0930153, 0.0242921, -0.0904199, 0.0229561, -0.087866, 0.0216888, -0.0853587, 0.0204868, -0.0829004, 0.0193472, -0.0804908, 0.0182678, -0.0781271, 0.0172466, -0.0758044, 0.0152863, -0.0733787, 0.013762, -0.070844, 0.0123754, -0.0681889, 0.0111125, -0.0654114, 0.0099607, -0.0625086, 0.00890854, -0.0594771, 0.00794547, -0.0563128, 0.00706185, -0.0530111, 0.00624886, -0.0495664, 0.00549834, -0.0459728, 0.00480282, -0.0422234, 0.00415532, -0.0383109, 0.00354937, -0.034227, 0.00297892, -0.0299629, 0.00243825, -0.025509, 0.00192197, -0.0208548, 0.00142491, -0.0159892, 0.000942097, -0.0109002, 0.000468705, -0.00557602
3.20611, 0.143927, 0.766381, 0.345176, 0.387932, 0.045176, -0.146522, 0.0104378, -0.0654013, 0.084428, 3.19567, 0.209328, 0.681953, 0.3, 0.534454, 0.045176, -0.146522, 0.0431249, -0.143227, 0.0411555, -0.139771, 0.0392642, -0.136204, 0.0374474, -0.132567, 0.0357023, -0.128897, 0.0340259, -0.125224, 0.0324158, -0.121573, 0.0308695, -0.117967, 0.0293847, -0.114421, 0.0279594, -0.11095, 0.0265917, -0.107565, 0.0252799, -0.104273, 0.0240225, -0.101078, 0.022818, -0.0979833, 0.0216655, -0.0949882, 0.0205639, -0.0920906, 0.0195125, -0.0892863, 0.0185111, -0.0865692, 0.0175594, -0.0839317, 0.0155524, -0.0812127, 0.0140148, -0.0784055, 0.0126173, -0.0754972, 0.011346, -0.0724854, 0.0101881, -0.0693669, 0.00913212, -0.0661381, 0.00816746, -0.0627945, 0.00728447, -0.0593314, 0.00647433, -0.055743, 0.00572893, -0.0520234, 0.00504082, -0.0481655, 0.00440311, -0.0441621, 0.00380944, -0.0400048, 0.00325386, -0.0356849, 0.00273082, -0.031193, 0.00223509, -0.0265186, 0.0017617, -0.0216509, 0.00130594, -0.0165781, 0.000863233, -0.0112893, 0.000488785, -0.00577236
3.22189, 0.155335, 0.786373, 0.336488, 0.338407, 0.0364881, -0.172206, 0.0146196, -0.0635127, 0.0936192, 3.20727, 0.218848, 0.692753, 0.3, 0.510612, 0.0364881, -0.172206, 0.0354588, -0.166271, 0.0343855, -0.160521, 0.0332813, -0.154953, 0.0321573, -0.14957, 0.0310227, -0.144372, 0.0298852, -0.13936, 0.0287516, -0.134535, 0.0276272, -0.129896, 0.0265169, -0.125443, 0.0254246, -0.121172, 0.0243537, -0.117082, 0.0233071, -0.113167, 0.0222875, -0.109423, 0.0212972, -0.105841, 0.0203383, -0.102414, 0.0194129, -0.0991336, 0.0185232, -0.0959882, 0.0176711, -0.0929671, 0.0156321, -0.0898901, 0.0140972, -0.0867492, 0.0127034, -0.08353, 0.0114366, -0.0802293, 0.0102841, -0.0768437, 0.00923448, -0.0733689, 0.0082772, -0.0698003, 0.0074027, -0.0661326, 0.00660222, -0.06236, 0.00586777, -0.058476, 0.00519199, -0.0544737, 0.00456813, -0.0503455, 0.00398995, -0.046083, 0.00345166, -0.0416776, 0.0029479, -0.0371197, 0.00247361, -0.032399, 0.00202406, -0.0275048, 0.00159475, -0.0224254, 0.00118139, -0.017151, 0.000900483, -0.0116731, 0.000507771, -0.00597415
3.23769, 0.167425, 0.805553, 0.327031, 0.288136, 0.0270309, -0.197981, 0.0189295, -0.0610629, 0.102594, 3.21876, 0.228488, 0.702959, 0.3, 0.486117, 0.0270309, -0.197981, 0.0270832, -0.189492, 0.0269631, -0.181513, 0.0267003, -0.173996, 0.0263199, -0.166905, 0.0258437, -0.160208, 0.0252902, -0.153879, 0.0246752, -0.147894, 0.0240123, -0.142233, 0.0233134, -0.136878, 0.0225886, -0.131811, 0.0218468, -0.127016, 0.021096, -0.122477, 0.0203429, -0.118179, 0.019594, -0.114105, 0.0188549, -0.11024, 0.0181309, -0.106568, 0.017427, -0.103073, 0.015385, -0.0995538, 0.0138828, -0.096, 0.0125195, -0.0923954, 0.0112814, -0.0887361, 0.0101561, -0.0850177, 0.00913234, -0.0812356, 0.00819992, -0.0773845, 0.00734949, -0.0734586, 0.00657255, -0.0694515, 0.00586134, -0.0653566, 0.00520875, -0.0611665, 0.00460824, -0.0568732, 0.00405381, -0.0524685, 0.00353991, -0.0479431, 0.00306142, -0.0432877, 0.00261354, -0.0384919, 0.00219179, -0.0335449, 0.00179197, -0.0284352, 0.00141006, -0.0231539, 0.00122527, -0.0176963, 0.000930054, -0.0120539, 0.000522847, -0.00617342
3.25298, 0.179806, 0.823272, 0.31817, 0.238647, 0.0181699, -0.222323, 0.0228253, -0.0584356, 0.110703, 3.23015, 0.238242, 0.712569, 0.3, 0.46097, 0.0181699, -0.222323, 0.0192185, -0.211535, 0.0199797, -0.201537, 0.0204975, -0.192248, 0.0208097, -0.183596, 0.0209488, -0.175524, 0.0209429, -0.167982, 0.020816, -0.160925, 0.0205892, -0.154316, 0.0202805, -0.148121, 0.019906, -0.14231, 0.0194795, -0.136854, 0.0190135, -0.131727, 0.0185189, -0.126905, 0.0180057, -0.122365, 0.017483, -0.118083, 0.0169592, -0.114039, 0.014931, -0.110005, 0.0134797, -0.105972, 0.0121631, -0.101919, 0.0109681, -0.0978424, 0.00988283, -0.0937366, 0.00889638, -0.089596, 0.00799888, -0.0854147, 0.00718138, -0.0811862, 0.00643569, -0.0769036, 0.00575435, -0.0725595, 0.00513055, -0.0681463, 0.00455806, -0.0636555, 0.00403115, -0.0590785, 0.00354455, -0.054406, 0.00309339, -0.0496283, 0.00267317, -0.0447348, 0.00227967, -0.0397149, 0.00190898, -0.0345569, 0.00155737, -0.029253, 0.00146769, -0.0238021, 0.00126805, -0.0182049, 0.000958533, -0.0124081, 0.0005372, -0.00635902
3.26784, 0.192519, 0.839552, 0.309729, 0.190051, 0.00972867, -0.245129, 0.0263786, -0.0555825, 0.117969, 3.24146, 0.248102, 0.721583, 0.3, 0.43518, 0.00972867, -0.245129, 0.0117085, -0.232286, 0.0132966, -0.220479, 0.0145498, -0.209593, 0.0155171, -0.19953, 0.0162406, -0.19021, 0.0167569, -0.181563, 0.0170975, -0.173526, 0.0172901, -0.166048, 0.0173587, -0.159081, 0.0173245, -0.152582, 0.0172062, -0.146514, 0.0170204, -0.140842, 0.0167819, -0.135532, 0.0165043, -0.130555, 0.0162, -0.125883, 0.0142091, -0.121262, 0.0128325, -0.11668, 0.0115843, -0.112115, 0.0104519, -0.10756, 0.00942403, -0.10301, 0.00849039, -0.098458, 0.00764166, -0.0938968, 0.00686934, -0.0893193, 0.00616571, -0.0847178, 0.00552373, -0.0800843, 0.00493699, -0.0754104, 0.00439962, -0.0706874, 0.00390625, -0.0659059, 0.00345193, -0.0610564, 0.00303214, -0.0561289, 0.00264266, -0.0511126, 0.00227961, -0.0459966, 0.00193936, -0.0407694, 0.0016185, -0.0354238, 0.0016242, -0.0299625, 0.00151944, -0.0243953, 0.00130592, -0.0186688, 0.0009834, -0.0127317, 0.00054958, -0.00652883
3.28243, 0.205215, 0.85464, 0.301887, 0.142818, 0.00188662, -0.265937, 0.0297551, -0.0528445, 0.124637, 3.25268, 0.258059, 0.730003, 0.3, 0.408756, 0.00188662, -0.265937, 0.00472112, -0.251371, 0.00707151, -0.238037, 0.00900553, -0.225798, 0.0105817, -0.214535, 0.0118505, -0.204148, 0.0128561, -0.194553, 0.0136368, -0.185673, 0.014226, -0.177443, 0.0146531, -0.169805, 0.0149442, -0.162708, 0.0151222, -0.156105, 0.0152077, -0.149953, 0.0152193, -0.144214, 0.015174, -0.138851, 0.0132405, -0.133583, 0.0119608, -0.128395, 0.0108007, -0.123261, 0.00974866, -0.118175, 0.00879406, -0.113129, 0.00792739, -0.108115, 0.00714, -0.103125, 0.00642401, -0.0981514, 0.00577225, -0.0931848, 0.00517822, -0.0882168, 0.00463596, -0.0832381, 0.00414006, -0.0782395, 0.00368557, -0.0732111, 0.00326792, -0.0681429, 0.00288296, -0.0630242, 0.00252682, -0.0578442, 0.00219595, -0.0525915, 0.00188704, -0.0472546, 0.001597, -0.0418269, 0.00169944, -0.036315, 0.00168938, -0.0307376, 0.00157019, -0.0250408, 0.00134329, -0.0191744, 0.00100811, -0.0130845, 0.000561976, -0.00671401
3.29662, 0.218039, 0.868281, 0.294694, 0.0971077, -0.00530598, -0.284605, 0.0328076, -0.0500688, 0.130454, 3.26381, 0.268108, 0.737827, 0.3, 0.381713, -0.00530598, -0.284605, -0.00170068, -0.268608, 0.0013404, -0.254002, 0.00389413, -0.240629, 0.0060271, -0.228356, 0.00779718, -0.21707, 0.0092548, -0.206671, 0.0104441, -0.197074, 0.0114037, -0.188203, 0.0121679, -0.179992, 0.0127669, -0.172381, 0.0132278, -0.165317, 0.0135749, -0.158751, 0.0138301, -0.152639, 0.0119803, -0.146668, 0.010824, -0.14082, 0.00977581, -0.135069, 0.00882541, -0.129404, 0.00796327, -0.123816, 0.00718075, -0.118297, 0.00647004, -0.112838, 0.00582403, -0.107429, 0.00523625, -0.102061, 0.00470084, -0.096723, 0.00421243, -0.0914063, 0.00376615, -0.0861003, 0.00335752, -0.0807946, 0.00298247, -0.0754785, 0.00263724, -0.0701408, 0.00231839, -0.0647705, 0.00202271, -0.0593556, 0.00174727, -0.0538843, 0.00148929, -0.048351, 0.00168999, -0.0427657, 0.00177504, -0.037156, 0.00174947, -0.0314676, 0.00161638, -0.0256508, 0.00137688, -0.0196532, 0.00103006, -0.0134195, 0.000572872, -0.0068901
3.31054, 0.231162, 0.880569, 0.287712, 0.0525738, -0.0122876, -0.301496, 0.0356672, -0.0470776, 0.135514, 3.27488, 0.27824, 0.745055, 0.3, 0.35407, -0.0122876, -0.301496, -0.00794833, -0.284301, -0.00424637, -0.268625, -0.00109681, -0.254296, 0.00157417, -0.241169, 0.00383095, -0.229119, 0.00572986, -0.218036, 0.00732036, -0.207825, 0.00864603, -0.198405, 0.00974552, -0.1897, 0.0106532, -0.181644, 0.0114001, -0.17418, 0.012014, -0.167253, 0.010289, -0.160517, 0.00929581, -0.153953, 0.0083956, -0.147528, 0.00757935, -0.141231, 0.00683888, -0.135053, 0.0061668, -0.128983, 0.00555638, -0.123011, 0.00500152, -0.117125, 0.00449668, -0.111315, 0.00403681, -0.105571, 0.00361729, -0.0998809, 0.00323395, -0.0942343, 0.00288295, -0.0886197, 0.00256078, -0.0830258, 0.00226421, -0.077441, 0.00199029, -0.0718534, 0.00173626, -0.0662509, 0.0014996, -0.0606211, 0.00127794, -0.054959, 0.00158088, -0.0492784, 0.00176382, -0.0436157, 0.00183349, -0.0379156, 0.00179466, -0.032129, 0.00165014, -0.0262046, 0.00140075, -0.0200889, 0.00104525, -0.0137247, 0.000580251, -0.00705074
3.32426, 0.244443, 0.891724, 0.281001, 0.00886286, -0.0189993, -0.316988, 0.0383911, -0.0440046, 0.140036, 3.28587, 0.288448, 0.751688, 0.3, 0.32585, -0.0189993, -0.316988, -0.0139613, -0.298805, -0.00962735, -0.282242, -0.00590546, -0.267117, -0.00271524, -0.253275, 1.35878e-05, -0.240581, 0.00234277, -0.22892, 0.0043267, -0.218188, 0.0060136, -0.208298, 0.00744634, -0.199169, 0.00866332, -0.19073, 0.00969924, -0.182918, 0.00814184, -0.175351, 0.00735418, -0.168006, 0.00664004, -0.160848, 0.0059923, -0.153863, 0.00540449, -0.14704, 0.00487071, -0.140366, 0.00438564, -0.13383, 0.00394442, -0.12742, 0.00354265, -0.121123, 0.0031763, -0.114928, 0.00284171, -0.108822, 0.00253554, -0.102794, 0.00225472, -0.0968316, 0.00199644, -0.0909221, 0.00175813, -0.0850535, 0.0015374, -0.0792132, 0.00133204, -0.0733885, 0.00114, -0.0675666, 0.000959368, -0.061743, 0.00136985, -0.0559352, 0.00165448, -0.0501882, 0.00182177, -0.0444456, 0.0018782, -0.0386583, 0.00182826, -0.0327761, 0.00167449, -0.0267468, 0.00141745, -0.0205153, 0.00105559, -0.0140233, 0.000585162, -0.0072078
3.33771, 0.257821, 0.90164, 0.274747, -0.0336901, -0.0252528, -0.330773, 0.0409137, -0.040905, 0.143914, 3.29679, 0.298726, 0.757726, 0.3, 0.297082, -0.0252528, -0.330773, -0.0195696, -0.311827, -0.0146492, -0.294574, -0.0103933, -0.278826, -0.00671592, -0.264419, -0.00354154, -0.251215, -0.000803621, -0.239092, 0.00155675, -0.227942, 0.00359198, -0.217672, 0.00534892, -0.208198, 0.00686982, -0.199445, 0.00552507, -0.190993, 0.00498652, -0.182817, 0.00449783, -0.174876, 0.00405412, -0.167156, 0.00365095, -0.159643, 0.00328428, -0.152323, 0.00295045, -0.145183, 0.00264612, -0.138209, 0.00236826, -0.131388, 0.00211407, -0.124706, 0.00188102, -0.11815, 0.00166679, -0.111707, 0.00146921, -0.105364, 0.00128633, -0.0991079, 0.00111631, -0.092925, 0.000957458, -0.0868022, 0.000808175, -0.0807264, 0.000666973, -0.0746841, 0.000532441, -0.0686713, 0.00105578, -0.0627089, 0.00144606, -0.0568509, 0.00171356, -0.0510391, 0.00186651, -0.0452244, 0.00191111, -0.0393571, 0.00185162, -0.0333862, 0.00169032, -0.0272586, 0.0014275, -0.0209182, 0.00106132, -0.0143055, 0.000587686, -0.00735628
3.35069, 0.271078, 0.910154, 0.269534, -0.0745237, -0.0304663, -0.342323, 0.0430362, -0.037988, 0.146986, 3.30766, 0.309066, 0.763169, 0.3, 0.267799, -0.0304663, -0.342323, -0.0242492, -0.322872, -0.0188394, -0.305157, -0.0141344, -0.288984, -0.0100437, -0.27419, -0.00648787, -0.260632, -0.00339648, -0.248184, -0.000706948, -0.236738, 0.00163665, -0.226196, 0.00368464, -0.216473, 0.00258369, -0.207108, 0.00232409, -0.198074, 0.00208772, -0.189324, 0.00187222, -0.180844, 0.00167544, -0.172617, 0.00149541, -0.164628, 0.00133034, -0.156861, 0.00117857, -0.149301, 0.00103858, -0.141934, 0.000908972, -0.134744, 0.000788455, -0.127717, 0.000675821, -0.120839, 0.000569944, -0.114096, 0.000469765, -0.107472, 0.000374283, -0.100956, 0.000282543, -0.0945312, 0.000193627, -0.0881849, 0.000106647, -0.0819028, 2.07339e-05, -0.0756814, 0.000659346, -0.0695449, 0.0011566, -0.0635562, 0.0015246, -0.0576551, 0.0017733, -0.0517923, 0.00191062, -0.0459185, 0.00194247, -0.0399833, 0.00187285, -0.0339354, 0.00170379, -0.0277208, 0.00143531, -0.0212831, 0.00106525, -0.0145617, 0.000589159, -0.00749136
3.36318, 0.284088, 0.917329, 0.265582, -0.113664, -0.0344179, -0.351701, 0.0447095, -0.0353747, 0.149313, 3.31847, 0.319462, 0.768016, 0.3, 0.238037, -0.0344179, -0.351701, -0.0277957, -0.331986, -0.0220103, -0.31402, -0.016956, -0.297611, -0.0125398, -0.282596, -0.00867915, -0.268832, -0.0053009, -0.256191, -0.00233966, -0.244565, 0.000263355, -0.233857, -0.000573449, -0.223563, -0.000534579, -0.213655, -0.000501065, -0.204082, -0.000472565, -0.194828, -0.000448792, -0.185872, -0.000429509, -0.177199, -0.000414524, -0.168791, -0.000403685, -0.160631, -0.000396885, -0.152703, -0.000394055, -0.144991, -0.000395168, -0.137479, -0.000400233, -0.130151, -0.000409301, -0.122993, -0.000422464, -0.115988, -0.000439852, -0.109122, -0.00046164, -0.10238, -0.000488045, -0.0957477, -0.000519331, -0.0892095, -0.00055581, -0.0827626, 0.000198866, -0.076435, 0.000802995, -0.0702978, 0.00127051, -0.0642889, 0.00161308, -0.0583585, 0.00184029, -0.0524573, 0.00195971, -0.0465358, 0.00197697, -0.0405437, 0.0018958, -0.0344291, 0.00171795, -0.0281381, 0.00144312, -0.0216136, 0.00106886, -0.0147945, 0.000590319, -0.00761433
3.37534, 0.296933, 0.923352, 0.262517, -0.151499, -0.0374834, -0.359338, 0.0461051, -0.0329742, 0.151085, 3.32924, 0.329908, 0.772268, 0.3, 0.207839, -0.0374834, -0.359338, -0.0305432, -0.339552, -0.0244584, -0.321506, -0.0191216, -0.305014, -0.0144375, -0.289913, -0.0103217, -0.276062, -0.00669876, -0.263337, -0.00350105, -0.251628, -0.00404314, -0.240392, -0.00367691, -0.229596, -0.00334745, -0.219187, -0.00305147, -0.209143, -0.00278601, -0.199446, -0.00254841, -0.190075, -0.00233629, -0.181011, -0.00214754, -0.172237, -0.00198027, -0.163734, -0.0018328, -0.155485, -0.00170366, -0.147473, -0.00159155, -0.13968, -0.00149537, -0.132091, -0.00141413, -0.124689, -0.00134704, -0.117458, -0.00129342, -0.110383, -0.00125274, -0.103447, -0.00122458, -0.0966353, -0.00120867, -0.089945, -0.000334836, -0.0834076, 0.000378215, -0.0771028, 0.000946251, -0.0709662, 0.00138269, -0.0649473, 0.00169877, -0.0589965, 0.0019037, -0.0530648, 0.00200471, -0.0471029, 0.00200716, -0.0410606, 0.00191448, -0.0348861, 0.00172815, -0.0285253, 0.00144759, -0.0219209, 0.00106999, -0.0150111, 0.000590116, -0.00772899
3.38691, 0.309413, 0.928103, 0.260987, -0.187815, -0.0390126, -0.365068, 0.046946, -0.0309818, 0.152179, 3.33996, 0.340395, 0.775924, 0.3, 0.177252, -0.0390126, -0.365068, -0.0319037, -0.345392, -0.0256519, -0.327429, -0.0201496, -0.310999, -0.0153011, -0.295942, -0.0110209, -0.282122, -0.00723252, -0.269417, -0.00748383, -0.257241, -0.00679379, -0.245561, -0.0061717, -0.234316, -0.00561133, -0.223485, -0.00510708, -0.213046, -0.0046539, -0.202977, -0.00424726, -0.193257, -0.00388309, -0.183868, -0.00355775, -0.174788, -0.003268, -0.166, -0.00301092, -0.157485, -0.00278395, -0.149224, -0.00258483, -0.1412, -0.00241155, -0.133396, -0.00226239, -0.125795, -0.00213585, -0.118379, -0.00203068, -0.111134, -0.00194581, -0.104041, -0.00188039, -0.0970991, -0.000890827, -0.0903429, -7.26287e-05, -0.0838605, 0.000591772, -0.0775852, 0.00111748, -0.0714656, 0.00151735, -0.0654519, 0.00180214, -0.0594951, 0.00198062, -0.0535468, 0.0020597, -0.0475582, 0.00204439, -0.0414794, 0.00193781, -0.0352591, 0.00174114, -0.0288432, 0.00145346, -0.0221744, 0.00107162, -0.0151907, 0.000589957, -0.0078244
3.39786, 0.321658, 0.931597, 0.260832, -0.223027, -0.0391682, -0.369353, 0.0472053, -0.0292611, 0.152612, 3.35065, 0.350919, 0.778985, 0.3, 0.146326, -0.0391682, -0.369353, -0.0320193, -0.349903, -0.0257149, -0.332127, -0.0201481, -0.315851, -0.0152238, -0.300922, -0.0108565, -0.287207, -0.0108278, -0.274081, -0.00982382, -0.261504, -0.00891807, -0.249414, -0.0081015, -0.237785, -0.00736594, -0.226594, -0.00670405, -0.215818, -0.00610919, -0.205435, -0.00557543, -0.195422, -0.00509743, -0.185758, -0.00467039, -0.176423, -0.00429007, -0.167397, -0.00395264, -0.158661, -0.00365474, -0.150196, -0.00339339, -0.141983, -0.00316598, -0.134004, -0.00297022, -0.126243, -0.00280417, -0.11868, -0.00266616, -0.1113, -0.00255481, -0.1041, -0.0014547, -0.0971177, -0.00053655, -0.0904504, 0.000218923, -0.0840284, 0.000828448, -0.0777995, 0.0013064, -0.0717133, 0.00166502, -0.065721, 0.00191454, -0.0597749, 0.0020633, -0.0538273, 0.00211778, -0.0478301, 0.00208265, -0.0417344, 0.00196069, -0.0354894, 0.00175274, -0.0290415, 0.00145755, -0.0223339, 0.00107157, -0.0153045, 0.000588709, -0.00788528
3.40832, 0.333518, 0.933941, 0.26207, -0.256706, -0.0379299, -0.371822, 0.0470143, -0.0279541, 0.15249, 3.36131, 0.361472, 0.781451, 0.3, 0.115116, -0.0379299, -0.371822, -0.0308715, -0.352748, -0.0246298, -0.335295, -0.0191006, -0.319297, -0.0141899, -0.304608, -0.0139081, -0.290563, -0.0126157, -0.277121, -0.0114496, -0.264213, -0.0103979, -0.251812, -0.00945018, -0.239894, -0.00859699, -0.228433, -0.00782976, -0.217405, -0.00714084, -0.206786, -0.00652332, -0.196553, -0.00597103, -0.186686, -0.00547846, -0.177162, -0.00504067, -0.167962, -0.00465329, -0.159064, -0.00431244, -0.15045, -0.00401472, -0.1421, -0.00375714, -0.133996, -0.00353714, -0.12612, -0.00335251, -0.118453, -0.0032014, -0.110994, -0.00199779, -0.103785, -0.000986619, -0.0969289, -0.000146939, -0.0903548, 0.000539506, -0.0840092, 0.00108854, -0.0778412, 0.00151379, -0.0718022, 0.00182684, -0.0658446, 0.00203738, -0.0599217, 0.00215327, -0.0539872, 0.00218057, -0.0479941, 0.00212356, -0.0418944, 0.00198465, -0.0356382, 0.00176433, -0.0291728, 0.00146098, -0.0224414, 0.00107066, -0.0153825, 0.000586834, -0.00792769
3.41845, 0.34514, 0.935139, 0.264316, -0.288865, -0.0356843, -0.372543, 0.0465038, -0.0269086, 0.151817, 3.37195, 0.372048, 0.783321, 0.3, 0.0836785, -0.0356843, -0.372543, -0.0288079, -0.353973, -0.0227098, -0.33696, -0.0172884, -0.321347, -0.0167738, -0.30643, -0.0152139, -0.292164, -0.0138061, -0.278479, -0.0125364, -0.265345, -0.0113921, -0.252734, -0.0103617, -0.24062, -0.00943487, -0.228977, -0.00860243, -0.21778, -0.00785602, -0.207004, -0.00718816, -0.196628, -0.00659219, -0.186628, -0.00606213, -0.176982, -0.0055927, -0.167669, -0.0051792, -0.158668, -0.00481749, -0.149961, -0.00450395, -0.141526, -0.00423545, -0.133346, -0.00400931, -0.125401, -0.00382326, -0.11769, -0.00252281, -0.110257, -0.00142504, -0.103215, -0.000507437, -0.0964892, 0.000249695, -0.0900252, 0.000863543, -0.0837717, 0.00134904, -0.0776798, 0.00171904, -0.0717022, 0.00198448, -0.0657933, 0.00215447, -0.0599078, 0.00223638, -0.0540007, 0.00223585, -0.0480264, 0.00215674, -0.0419381, 0.0020011, -0.035687, 0.00176907, -0.0292213, 0.00145864, -0.0224848, 0.00106548, -0.0154163, 0.000582603, -0.00794723
3.42836, 0.35661, 0.935515, 0.267251, -0.320624, -0.0327494, -0.372699, 0.0457961, -0.0260315, 0.150918, 3.38257, 0.382641, 0.784596, 0.3, 0.0520747, -0.0327494, -0.372699, -0.0261046, -0.354671, -0.0201926, -0.338135, -0.019464, -0.322346, -0.0176536, -0.307257, -0.0160196, -0.292794, -0.0145459, -0.278924, -0.0132176, -0.265618, -0.0120215, -0.252849, -0.0109456, -0.240588, -0.00997921, -0.228809, -0.00911258, -0.217487, -0.00833707, -0.206597, -0.00764493, -0.196115, -0.00702925, -0.186018, -0.00648385, -0.176283, -0.00600329, -0.16689, -0.00558277, -0.157817, -0.00521807, -0.149044, -0.00490556, -0.140551, -0.0046421, -0.132318, -0.00442506, -0.124345, -0.00303204, -0.116679, -0.00185199, -0.109439, -0.000860892, -0.102549, -3.76542e-05, -0.0959527, 0.000636219, -0.0895987, 0.0011769, -0.0834375, 0.00159844, -0.0774221, 0.00191295, -0.0715072, 0.00213073, -0.0656488, 0.00226033, -0.0598034, 0.00230863, -0.0539276, 0.00228084, -0.0479772, 0.00218043, -0.0419069, 0.00200909, -0.035669, 0.00176659, -0.0292126, 0.00145054, -0.0224825, 0.00105623, -0.0154177, 0.000576223, -0.0079496
3.43787, 0.367762, 0.93492, 0.27138, -0.351541, -0.0286199, -0.371907, 0.0446885, -0.0254824, 0.149644, 3.39318, 0.393244, 0.785276, 0.3, 0.0203664, -0.0286199, -0.371907, -0.0223056, -0.354476, -0.0214371, -0.337842, -0.0194445, -0.321956, -0.0176464, -0.306737, -0.0160247, -0.292154, -0.0145632, -0.278174, -0.0132474, -0.264768, -0.0120641, -0.251906, -0.0110014, -0.239562, -0.0100487, -0.227706, -0.00919651, -0.216315, -0.00843628, -0.205362, -0.00776042, -0.194824, -0.00716215, -0.184677, -0.00663551, -0.174899, -0.00617523, -0.165467, -0.0057767, -0.15636, -0.00543593, -0.147558, -0.00514952, -0.139041, -0.00491461, -0.130807, -0.00344306, -0.122907, -0.00219379, -0.115468, -0.00114144, -0.10841, -0.000263648, -0.101677, 0.000459251, -0.0952168, 0.00104454, -0.0889784, 0.00150733, -0.0829154, 0.00186078, -0.076983, 0.00211622, -0.071138, 0.00228329, -0.0653382, 0.00236995, -0.059542, 0.00238259, -0.0537078, 0.00232594, -0.0477932, 0.00220306, -0.0417542, 0.00201526, -0.0355446, 0.00176191, -0.0291147, 0.00144026, -0.02241, 0.00104516, -0.01537, 0.000568754, -0.00792629
3.44707, 0.378761, 0.933199, 0.276338, -0.381225, -0.0236615, -0.369842, 0.0432845, -0.0250905, 0.147839, 3.40378, 0.403852, 0.78536, 0.3, -0.0113829, -0.0236615, -0.369842, -0.0227218, -0.352416, -0.0206125, -0.335782, -0.0187095, -0.319856, -0.0169935, -0.304603, -0.0154474, -0.28999, -0.0140558, -0.275986, -0.0128048, -0.262561, -0.0116818, -0.249684, -0.0106757, -0.237329, -0.00977626, -0.225466, -0.00897462, -0.214071, -0.00826273, -0.203118, -0.00763347, -0.192582, -0.00708053, -0.182441, -0.00659841, -0.17267, -0.00618227, -0.163249, -0.00582795, -0.154155, -0.0055319, -0.145368, -0.00529119, -0.136887, -0.00375595, -0.128765, -0.00245108, -0.121136, -0.00135002, -0.113918, -0.000429331, -0.107054, 0.000331675, -0.10049, 0.000951242, -0.0941753, 0.00144541, -0.0880638, 0.00182825, -0.0821108, 0.002112, -0.0762737, 0.0023072, -0.0705116, 0.0024228, -0.0647846, 0.00246618, -0.0590532, 0.00244318, -0.0532776, 0.00235807, -0.0474173, 0.0022135, -0.0414301, 0.00201035, -0.0352714, 0.00174762, -0.0288926, 0.00142219, -0.0222404, 0.00102851, -0.0152549, 0.00055828, -0.00786784
3.45613, 0.389659, 0.930588, 0.266393, -0.364752, -0.0336072, -0.364752, 0.0455266, -0.0209478, 0.14519, 3.41061, 0.410607, 0.785398, 0.3, 0, -0.0336072, -0.364752, -0.0304673, -0.347508, -0.0276321, -0.331005, -0.0250732, -0.315207, -0.022765, -0.300079, -0.0206845, -0.285589, -0.0188108, -0.271705, -0.0171252, -0.258396, -0.0156109, -0.245634, -0.0142527, -0.23339, -0.013037, -0.221636, -0.0119517, -0.210348, -0.0109859, -0.199498, -0.01013, -0.189065, -0.00937536, -0.179022, -0.00871448, -0.169349, -0.00814075, -0.160023, -0.00764842, -0.151023, -0.00723258, -0.142347, -0.0054861, -0.134052, -0.00399139, -0.126278, -0.00271948, -0.11894, -0.0016447, -0.11198, -0.000744341, -0.105343, 1.70616e-06, -0.0989784, 0.000611222, -0.0928393, 0.00109991, -0.0868816, 0.00148156, -0.0810634, 0.00176824, -0.075345, 0.00197036, -0.0696876, 0.00209679, -0.0640539, 0.00215488, -0.0584065, 0.00215047, -0.0527079, 0.00208785, -0.0469197, 0.00196971, -0.0410015, 0.00179698, -0.0349104, 0.00156871, -0.0285994, 0.00128181, -0.0220165, 0.000930806, -0.0151027, 0.000507381, -0.00779033
3.4652, 0.400545, 0.927165, 0.267983, -0.356526, -0.0320173, -0.356526, 0.0439828, -0.0206679, 0.141767, 3.42121, 0.421213, 0.785398, 0.3, 0, -0.0320173, -0.356526, -0.0290403, -0.339617, -0.0263536, -0.323435, -0.0239305, -0.307943, -0.0217467, -0.293109, -0.0197804, -0.2789, -0.0180118, -0.265284, -0.0164234, -0.252233, -0.0149992, -0.239716, -0.013725, -0.227707, -0.0125881, -0.216179, -0.011577, -0.205106, -0.0106817, -0.194463, -0.00989322, -0.184226, -0.00920367, -0.174373, -0.00860616, -0.16488, -0.00809471, -0.155726, -0.00766421, -0.146911, -0.00586099, -0.138493, -0.0043168, -0.130617, -0.00300168, -0.123198, -0.00188906, -0.116176, -0.000955405, -0.109496, -0.000179818, -0.103108, 0.000456237, -0.0969658, 0.000969199, -0.0910245, 0.0013736, -0.0852435, 0.00168223, -0.0795839, 0.00190628, -0.0740088, 0.00205543, -0.0684822, 0.00213789, -0.0629691, 0.00216044, -0.0574347, 0.00212845, -0.0518436, 0.00204577, -0.0461595, 0.00191471, -0.0403439, 0.00173587, -0.0343557, 0.00150799, -0.0281492, 0.0012277, -0.0216736, 0.000889211, -0.0148705, 0.000483931, -0.00767249
3.47419, 0.411317, 0.922998, 0.26981, -0.345325, -0.0301904, -0.345325, 0.0423694, -0.0205029, 0.1376, 3.43182, 0.43182, 0.785398, 0.3, 0, -0.0301904, -0.345325, -0.0273999, -0.32894, -0.0248834, -0.313256, -0.0226157, -0.298239, -0.0205742, -0.283858, -0.0187385, -0.270079, -0.0170901, -0.256874, -0.0156126, -0.244214, -0.0142913, -0.232069, -0.0131129, -0.220414, -0.0120656, -0.209223, -0.0111389, -0.198471, -0.0103237, -0.188133, -0.00961165, -0.178186, -0.00899575, -0.168608, -0.00846981, -0.159378, -0.00802856, -0.150494, -0.00618173, -0.142018, -0.00459969, -0.134099, -0.00325172, -0.126652, -0.00211055, -0.119616, -0.00115198, -0.112936, -0.000354486, -0.106563, 0.000301077, -0.10045, 0.000831742, -0.0945545, 0.00125263, -0.0888354, 0.00157716, -0.0832553, 0.00181714, -0.0777786, 0.00198293, -0.0723709, 0.00208347, -0.0669992, 0.00212635, -0.0616311, 0.00211783, -0.0562341, 0.00206279, -0.0507753, 0.0019647, -0.0452203, 0.00182551, -0.0395327, 0.00164552, -0.0336727, 0.0014232, -0.0275963, 0.00115495, -0.0212535, 0.000834755, -0.0145868, 0.000453801, -0.00752901
3.48303, 0.421858, 0.918201, 0.272144, -0.331486, -0.0278559, -0.331486, 0.0406012, -0.0205679, 0.132803, 3.44243, 0.442426, 0.785398, 0.3, 0, -0.0278559, -0.331486, -0.0253013, -0.315794, -0.0229997, -0.300769, -0.0209282, -0.286379, -0.0190659, -0.272593, -0.0173943, -0.25938, -0.0158966, -0.246713, -0.0145579, -0.234562, -0.0133647, -0.222903, -0.0123052, -0.211708, -0.0113688, -0.200953, -0.010546, -0.190615, -0.00982876, -0.18067, -0.00920976, -0.171096, -0.00868285, -0.161871, -0.00824278, -0.152997, -0.00637364, -0.144534, -0.00477275, -0.136637, -0.0034089, -0.129219, -0.0022544, -0.122221, -0.00128463, -0.11559, -0.000477631, -0.109274, 0.000186124, -0.103229, 0.000724085, -0.0974116, 0.0011518, -0.0917836, 0.00148311, -0.0863079, 0.00173032, -0.0809502, 0.0019043, -0.0756778, 0.00201454, -0.0704595, 0.0020693, -0.0652651, 0.00207555, -0.0600645, 0.00203899, -0.0548279, 0.00196407, -0.0495243, 0.00185387, -0.0441217, 0.00171001, -0.0385852, 0.00153253, -0.0328768, 0.00131965, -0.0269536, 0.00106758, -0.0207668, 0.000770141, -0.0142592, 0.00041836, -0.00736375
3.49173, 0.43216, 0.912901, 0.274973, -0.315404, -0.0250272, -0.315404, 0.0386994, -0.020873, 0.127503, 3.45303, 0.453033, 0.785398, 0.3, 0, -0.0250272, -0.315404, -0.0227564, -0.300553, -0.0207132, -0.286326, -0.0188771, -0.272694, -0.0172298, -0.259627, -0.0157548, -0.247096, -0.0144374, -0.235076, -0.0132643, -0.223539, -0.0122238, -0.212461, -0.0113056, -0.201817, -0.0105005, -0.191585, -0.00980036, -0.181741, -0.00919822, -0.172264, -0.00868807, -0.163133, -0.00826479, -0.154349, -0.00639865, -0.145975, -0.00480146, -0.138168, -0.00344189, -0.130842, -0.0022921, -0.123939, -0.00132732, -0.117406, -0.000525449, -0.111193, 0.000133247, -0.105257, 0.000666409, -0.0995553, 0.00108981, -0.0940508, 0.00141755, -0.0887079, 0.00166224, -0.0834934, 0.00183507, -0.0783764, 0.00194596, -0.0733272, 0.00200362, -0.0683176, 0.00201556, -0.06332, 0.00198817, -0.058307, 0.00192663, -0.0532508, 0.00183494, -0.048123, 0.00171582, -0.042893, 0.00157058, -0.0375279, 0.00139901, -0.031991, 0.00119915, -0.0262405, 0.00096704, -0.0202284, 0.000696392, -0.013898, 0.000378149, -0.00718225
3.50036, 0.442288, 0.907113, 0.27814, -0.297175, -0.0218597, -0.297175, 0.0367158, -0.0213516, 0.121714, 3.46364, 0.46364, 0.785398, 0.3, 0, -0.0218597, -0.297175, -0.0199055, -0.283305, -0.0181503, -0.270009, -0.0165766, -0.25726, -0.0151687, -0.24503, -0.0139124, -0.233293, -0.0127953, -0.222024, -0.0118062, -0.211199, -0.0109351, -0.200795, -0.0101734, -0.190789, -0.00951336, -0.181161, -0.00894849, -0.171888, -0.0084731, -0.162951, -0.00808245, -0.154352, -0.00624665, -0.146155, -0.00467743, -0.138517, -0.00334371, -0.131356, -0.00221783, -0.124613, -0.00127517, -0.118239, -0.000493726, -0.112184, 0.000146152, -0.106407, 0.000662088, -0.100866, 0.00106987, -0.0955261, 0.00138367, -0.0903523, 0.00161619, -0.0853133, 0.0017788, -0.0803796, 0.00188164, -0.0755234, 0.00193372, -0.0707181, 0.00194293, -0.0659383, 0.00191611, -0.0611589, 0.00185905, -0.0563551, 0.00177643, -0.0515012, 0.00167184, -0.0465707, 0.00154765, -0.0415348, 0.0014049, -0.036362, 0.00124316, -0.0310169, 0.00106034, -0.0254589, 0.000852363, -0.0196403, 0.000612899, -0.0135049, 0.000332876, -0.0069854
3.50885, 0.452134, 0.901143, 0.281852, -0.277764, -0.0181478, -0.277764, 0.0346069, -0.022112, 0.115745, 3.47425, 0.474246, 0.785398, 0.3, 0, -0.0181478, -0.277764, -0.0165622, -0.26496, -0.0151423, -0.252675, -0.0138737, -0.240883, -0.0127439, -0.229559, -0.0117416, -0.218681, -0.0108566, -0.208225, -0.0100803, -0.198169, -0.00940468, -0.188493, -0.00882315, -0.179175, -0.00832985, -0.170197, -0.00791985, -0.161538, -0.00758905, -0.153203, -0.00581937, -0.145254, -0.00431013, -0.137852, -0.00303092, -0.130915, -0.00195465, -0.124389, -0.0010572, -0.118222, -0.00031699, -0.112371, 0.000285293, -0.106793, 0.000766983, -0.10145, 0.00114364, -0.0963065, 0.00142929, -0.0913311, 0.00163652, -0.0864932, 0.00177668, -0.0817649, 0.00185994, -0.0771199, 0.00189541, -0.0725336, 0.00189118, -0.0679824, 0.00185436, -0.0634433, 0.00179111, -0.0588938, 0.00170664, -0.054311, 0.00160517, -0.0496715, 0.00148985, -0.0449503, 0.00136274, -0.0401203, 0.00122462, -0.0351512, 0.00107489, -0.0300086, 0.000911321, -0.0246525, 0.000729787, -0.019036, 0.000523942, -0.0131026, 0.000284753, -0.00678486
3.51732, 0.461827, 0.895173, 0.285816, -0.257956, -0.0141843, -0.257956, 0.0324634, -0.0230257, 0.109774, 3.48485, 0.484853, 0.785398, 0.3, 0, -0.0141843, -0.257956, -0.0129914, -0.24625, -0.0119285, -0.235005, -0.0109848, -0.224198, -0.010151, -0.213806, -0.00941866, -0.20381, -0.00878054, -0.194188, -0.00823022, -0.184921, -0.00776219, -0.175991, -0.00737179, -0.167377, -0.00705511, -0.159064, -0.00680899, -0.151055, -0.00513749, -0.143413, -0.00371691, -0.136299, -0.00251789, -0.129633, -0.00151424, -0.123365, -0.00068265, -0.117446, -2.23387e-06, -0.111833, 0.000545711, -0.106486, 0.000978006, -0.101369, 0.00130978, -0.0964486, 0.00155468, -0.0916941, 0.00172502, -0.087077, 0.00183194, -0.0825709, 0.00188547, -0.0781512, 0.00189464, -0.0737948, 0.00186758, -0.06948, 0.0018115, -0.0651856, 0.00173277, -0.0608912, 0.0016369, -0.0565763, 0.00152855, -0.0522203, 0.00141146, -0.0478012, 0.00128844, -0.0432956, 0.00116121, -0.0386777, 0.00103036, -0.0339183, 0.000895114, -0.0289839, 0.000753158, -0.023835, 0.000600351, -0.0184248, 0.000430379, -0.0126969, 0.000234293, -0.00658321
3.5259, 0.471583, 0.889201, 0.289542, -0.237941, -0.0104577, -0.237941, 0.0304358, -0.0238766, 0.103802, 3.49546, 0.495459, 0.785398, 0.3, 0, -0.0104577, -0.237941, -0.00963464, -0.227348, -0.00890794, -0.217156, -0.00827032, -0.207346, -0.0077154, -0.197898, -0.00723764, -0.188795, -0.00683225, -0.180018, -0.00649518, -0.171549, -0.00622306, -0.163372, -0.00601317, -0.155471, -0.00586342, -0.14785, -0.00431081, -0.140574, -0.00299718, -0.133801, -0.00189448, -0.127456, -0.000977729, -0.12149, -0.000224626, -0.115858, 0.000384804, -0.11052, 0.000868469, -0.105438, 0.0012425, -0.100578, 0.00152142, -0.0959075, 0.00171837, -0.0913986, 0.00184524, -0.0870241, 0.00191281, -0.0827593, 0.00193083, -0.0785813, 0.00190816, -0.0744685, 0.00185279, -0.0704008, 0.00177191, -0.066359, 0.00167195, -0.0623244, 0.00155859, -0.0582787, 0.00143675, -0.0542035, 0.00131059, -0.0500796, 0.00118344, -0.0458867, 0.00105777, -0.0416029, 0.000935072, -0.0372033, 0.00081573, -0.0326597, 0.000698877, -0.0279391, 0.000582161, -0.0230025, 0.000461478, -0.0178033, 0.000330607, -0.012285, 0.000180745, -0.00637884
3.53461, 0.481433, 0.883354, 0.292962, -0.218224, -0.00703814, -0.218224, 0.0285466, -0.0246332, 0.0979562, 3.50607, 0.506066, 0.785398, 0.3, 0, -0.00703814, -0.218224, -0.00655506, -0.208726, -0.00613754, -0.199572, -0.00578139, -0.190743, -0.00548305, -0.182224, -0.00523954, -0.173998, -0.00504842, -0.16605, -0.00490778, -0.158366, -0.00481622, -0.150929, -0.00477283, -0.143747, -0.00335672, -0.136883, -0.00216557, -0.130493, -0.0011729, -0.124506, -0.000355122, -0.118877, 0.000308834, -0.113564, 0.000837861, -0.10853, 0.00124891, -0.103738, 0.00155726, -0.0991575, 0.00177671, -0.0947583, 0.00191975, -0.0905135, 0.00199772, -0.0863981, 0.00202092, -0.0823889, 0.00199873, -0.0784646, 0.00193968, -0.0746053, 0.00185154, -0.0707923, 0.00174134, -0.067008, 0.00161547, -0.0632356, 0.00147962, -0.0594586, 0.00133884, -0.0556604, 0.00119753, -0.0518245, 0.00105941, -0.0479333, 0.000927449, -0.0439677, 0.000803827, -0.0399068, 0.000689829, -0.0357268, 0.000585719, -0.0314002, 0.000490567, -0.0268945, 0.000402036, -0.0221711, 0.000316102, -0.0171834, 0.000226691, -0.0118746, 0.000125204, -0.00617541
3.54341, 0.491378, 0.877627, 0.296155, -0.198936, -0.00384494, -0.198936, 0.0267396, -0.0252951, 0.0922285, 3.51667, 0.516673, 0.785398, 0.3, 0, -0.00384494, -0.198936, -0.00367911, -0.190503, -0.00355006, -0.182356, -0.00345652, -0.174481, -0.00339753, -0.166864, -0.00337252, -0.159491, -0.00338123, -0.15235, -0.00342375, -0.145427, -0.00350052, -0.138729, -0.00224211, -0.132319, -0.00119217, -0.126351, -0.000326079, -0.120758, 0.00037812, -0.115498, 0.000940038, -0.110534, 0.00137728, -0.10583, 0.00170566, -0.101354, 0.00193944, -0.0970753, 0.00209152, -0.0929674, 0.00217362, -0.089005, 0.00219637, -0.0851649, 0.00216948, -0.0814258, 0.00210182, -0.0777678, 0.00200148, -0.0741725, 0.00187587, -0.070623, 0.00173178, -0.067103, 0.00157537, -0.0635973, 0.00141226, -0.0600911, 0.00124748, -0.0565698, 0.00108552, -0.0530186, 0.000930309, -0.0494223, 0.000785142, -0.0457646, 0.000652686, -0.0420278, 0.000534878, -0.0381918, 0.000432837, -0.0342336, 0.000346733, -0.0301263, 0.00027562, -0.025838, 0.000217214, -0.0213301, 0.000167617, -0.0165562, 0.000120946, -0.0114592, 6.88511e-05, -0.00596942
3.55225, 0.501393, 0.872042, 0.299221, -0.180224, -0.000778786, -0.180224, 0.0249688, -0.0258863, 0.0866441, 3.52728, 0.527279, 0.785398, 0.3, 0, -0.000778786, -0.180224, -0.000916319, -0.172814, -0.00106301, -0.165635, -0.00122033, -0.158677, -0.00138985, -0.151926, -0.00157327, -0.145373, -0.00177241, -0.139006, -0.00198929, -0.132833, -0.000914981, -0.126916, -2.96968e-05, -0.121403, 0.000689011, -0.116235, 0.00126118, -0.111374, 0.00170471, -0.106785, 0.00203568, -0.102435, 0.00226855, -0.0982952, 0.00241638, -0.0943386, 0.002491, -0.09054, 0.00250317, -0.0868763, 0.00246268, -0.0833263, 0.0023785, -0.0798703, 0.00225884, -0.0764902, 0.00211124, -0.0731691, 0.00194263, -0.0698914, 0.00175938, -0.0666425, 0.00156737, -0.0634084, 0.00137194, -0.060176, 0.00117802, -0.0569322, 0.000990021, -0.0536642, 0.000811921, -0.0503586, 0.000647188, -0.0470015, 0.000498773, -0.0435777, 0.000369053, -0.0400705, 0.000259754, -0.0364606, 0.00017186, -0.0327257, 0.000105481, -0.0288394, 5.96839e-05, -0.0247701, 3.22733e-05, -0.0204796, 1.95084e-05, -0.0159214, 1.57354e-05, -0.0110385, 1.28938e-05, -0.00576056
3.56112, 0.511434, 0.866718, 0.302227, -0.162396, 0.00222713, -0.162396, 0.0232325, -0.0264515, 0.08132, 3.53789, 0.537886, 0.785398, 0.3, 0, 0.00222713, -0.162396, 0.00179417, -0.15595, 0.00137915, -0.149685, 0.000977935, -0.14359, 0.0005865, -0.137656, 0.000200934, -0.131875, -0.000182633, -0.126255, 0.000677053, -0.120856, 0.00137041, -0.115824, 0.00191737, -0.111102, 0.00233576, -0.106658, 0.00264147, -0.102461, 0.00284884, -0.0984811, 0.00297072, -0.0946925, 0.00301878, -0.0910706, 0.0030036, -0.0875927, 0.00293481, -0.084238, 0.00282119, -0.0809871, 0.00267084, -0.0778221, 0.00249116, -0.0747264, 0.00228899, -0.0716849, 0.00207067, -0.0686832, 0.00184205, -0.065708, 0.00160854, -0.062747, 0.00137515, -0.0597881, 0.00114652, -0.0568199, 0.000926884, -0.053831, 0.000720119, -0.0508098, 0.000529701, -0.0477444, 0.0003587, -0.0446217, 0.000209737, -0.0414277, 8.4932e-05, -0.0381462, -1.41699e-05, -0.0347588, -8.66918e-05, -0.0312436, -0.000132561, -0.0275748, -0.000152673, -0.023721, -0.00014911, -0.0196443, -0.000125434, -0.0152982, -8.70464e-05, -0.0106254, -4.16975e-05, -0.0055555
3.57005, 0.521552, 0.861598, 0.305081, -0.145316, 0.00508111, -0.145316, 0.021555, -0.0269402, 0.0761994, 3.54849, 0.548492, 0.785398, 0.3, 0, 0.00508111, -0.145316, 0.00437036, -0.139784, 0.00370331, -0.134383, 0.0030733, -0.129105, 0.00247403, -0.123945, 0.00189949, -0.118911, 0.00251531, -0.114062, 0.0029907, -0.109537, 0.00334275, -0.105287, 0.00358674, -0.101284, 0.00373633, -0.0975001, 0.00380383, -0.0939099, 0.00380031, -0.0904902, 0.00373583, -0.0872193, 0.00361952, -0.0840771, 0.00345974, -0.0810449, 0.0032641, -0.0781053, 0.00303966, -0.0752423, 0.00279292, -0.072441, 0.00252988, -0.0696876, 0.00225616, -0.0669694, 0.00197695, -0.0642742, 0.00169713, -0.061591, 0.00142124, -0.0589091, 0.0011535, -0.0562182, 0.000897857, -0.0535083, 0.000657964, -0.0507695, 0.000437165, -0.0479912, 0.000238503, -0.0451625, 6.46812e-05, -0.0422715, -8.19737e-05, -0.0393046, -0.000199565, -0.0362465, -0.000286694, -0.0330792, -0.000342567, -0.0297814, -0.000367117, -0.0263275, -0.000361172, -0.0226866, -0.000326681, -0.0188208, -0.000266996, -0.0146838, -0.000187244, -0.0102182, -9.48391e-05, -0.00535329
3.57904, 0.531668, 0.856828, 0.307883, -0.129271, 0.0078832, -0.129271, 0.019944, -0.0274306, 0.0714298, 3.5591, 0.559099, 0.785398, 0.3, 0, 0.0078832, -0.129271, 0.00690327, -0.124589, 0.00599238, -0.119991, 0.00514142, -0.115474, 0.00434187, -0.111048, 0.0046781, -0.106767, 0.00490345, -0.102767, 0.00503179, -0.0990048, 0.00507555, -0.0954562, 0.00504583, -0.0920979, 0.00495268, -0.0889084, 0.00480512, -0.0858676, 0.0046114, -0.0829567, 0.004379, -0.0801582, 0.0041148, -0.0774555, 0.00382512, -0.0748334, 0.00351581, -0.0722778, 0.0031923, -0.0697753, 0.00285967, -0.0673136, 0.00252265, -0.0648813, 0.00218569, -0.0624677, 0.00185299, -0.0600628, 0.0015285, -0.0576571, 0.00121595, -0.0552415, 0.000918861, -0.0528072, 0.000640544, -0.0503454, 0.000384093, -0.0478471, 0.000152389, -0.0453028, -5.19317e-05, -0.0427025, -0.000226493, -0.0400347, -0.000369231, -0.0372867, -0.000478436, -0.0344436, -0.000552836, -0.0314879, -0.000591687, -0.0283984, -0.000594908, -0.0251501, -0.000563244, -0.021712, -0.000498489, -0.0180465, -0.000403775, -0.0141073, -0.000283946, -0.00983704, -0.000146078, -0.00516447
3.5881, 0.541835, 0.852321, 0.310576, -0.114073, 0.0105765, -0.114073, 0.0183991, -0.027871, 0.0669228, 3.56971, 0.569706, 0.785398, 0.3, 0, 0.0105765, -0.114073, 0.00934275, -0.110185, 0.00820244, -0.106338, 0.00714414, -0.102545, 0.00716422, -0.0988586, 0.00710678, -0.0954054, 0.00698211, -0.0921509, 0.00679942, -0.0890751, 0.00656697, -0.0861593, 0.00629222, -0.0833858, 0.00598193, -0.0807379, 0.00564229, -0.0781998, 0.00527894, -0.0757566, 0.0048971, -0.0733943, 0.00450159, -0.0710996, 0.00409694, -0.0688602, 0.00368735, -0.0666646, 0.0032768, -0.0645018, 0.00286906, -0.0623619, 0.0024677, -0.0602353, 0.00207613, -0.0581132, 0.00169759, -0.0559871, 0.00133522, -0.0538491, 0.000992005, -0.0516913, 0.000670799, -0.0495061, 0.000374334, -0.0472856, 0.00010521, -0.0450217, -0.000134127, -0.0427057, -0.000341396, -0.0403281, -0.00051452, -0.0378782, -0.000651655, -0.0353436, -0.000751256, -0.0327097, -0.000812142, -0.0299593, -0.000833598, -0.0270719, -0.000815502, -0.0240222, -0.000758494, -0.0207797, -0.000664196, -0.0173069, -0.000535505, -0.0135575, -0.00037697, -0.00947392, -0.000195323, -0.00498485
3.59726, 0.552102, 0.84801, 0.313071, -0.0995518, 0.0130709, -0.0995518, 0.0169477, -0.0282101, 0.0626117, 3.58031, 0.580312, 0.785398, 0.3, 0, 0.0130709, -0.0995518, 0.0116089, -0.096412, 0.0102629, -0.0932866, 0.00993354, -0.0902251, 0.0095636, -0.087348, 0.00915943, -0.0846275, 0.00872671, -0.082049, 0.00827055, -0.0795982, 0.00779558, -0.0772615, 0.00730605, -0.0750257, 0.00680586, -0.0728782, 0.00629863, -0.0708069, 0.00578773, -0.0688003, 0.00527634, -0.0668472, 0.00476749, -0.0649374, 0.00426404, -0.0630609, 0.00376874, -0.0612084, 0.00328428, -0.0593712, 0.00281323, -0.0575411, 0.0023581, -0.0557102, 0.00192137, -0.0538713, 0.00150543, -0.0520171, 0.00111266, -0.0501409, 0.000745362, -0.048236, 0.000405813, -0.0462955, 9.62251e-05, -0.0443125, -0.000181254, -0.0422794, -0.000424556, -0.0401882, -0.000631718, -0.0380298, -0.000800907, -0.035794, -0.00093047, -0.0334687, -0.00101898, -0.0310396, -0.00106532, -0.02849, -0.00106876, -0.0257993, -0.00102911, -0.0229427, -0.000946878, -0.0198898, -0.000823491, -0.0166033, -0.000661583, -0.0130369, -0.00046539, -0.00913332, -0.000269785, -0.00461935
3.60647, 0.562426, 0.843893, 0.315493, -0.0856505, 0.0154928, -0.0856505, 0.0155537, -0.0284926, 0.0584947, 3.59092, 0.590919, 0.785398, 0.3, 0, 0.0154928, -0.0856505, 0.0138179, -0.083229, 0.013094, -0.0808269, 0.0123713, -0.0785571, 0.0116516, -0.0763991, 0.0109366, -0.074344, 0.0102279, -0.0723823, 0.00952705, -0.0705047, 0.00883535, -0.0687018, 0.0081542, -0.0669643, 0.00748492, -0.0652831, 0.00682883, -0.0636491, 0.00618725, -0.0620537, 0.00556151, -0.0604883, 0.00495298, -0.0589451, 0.00436302, -0.0574162, 0.00379308, -0.0558941, 0.0032446, -0.054372, 0.00271909, -0.0528432, 0.00221809, -0.0513011, 0.0017432, -0.0497397, 0.00129604, -0.048153, 0.000878289, -0.046535, 0.000491636, -0.0448799, 0.000137813, -0.0431815, -0.000181437, -0.0414335, -0.000464367, -0.0396289, -0.000709249, -0.0377601, -0.000914389, -0.0358183, -0.00107817, -0.0337937, -0.00119908, -0.0316744, -0.00127578, -0.0294466, -0.00130717, -0.0270937, -0.00129248, -0.0245954, -0.00123143, -0.0219272, -0.00112434, -0.019059, -0.00097241, -0.0159537, -0.000777984, -0.0125655, -0.000597042, -0.00846766, -0.00034627, -0.00421225
3.6158, 0.57279, 0.84006, 0.317846, -0.0724993, 0.0178056, -0.0724993, 0.0142731, -0.0287353, 0.0546621, 3.60153, 0.601525, 0.785398, 0.300041, 0, 0.0178056, -0.0724993, 0.0166434, -0.0707881, 0.0155285, -0.069154, 0.014458, -0.0675848, 0.0134291, -0.066077, 0.0124396, -0.0646265, 0.0114874, -0.0632285, 0.0105708, -0.0618775, 0.00968842, -0.0605676, 0.00883897, -0.0592929, 0.00802153, -0.058047, 0.00723535, -0.0568236, 0.00647992, -0.0556164, 0.00575492, -0.0544191, 0.0050602, -0.0532255, 0.00439582, -0.0520298, 0.00376198, -0.050826, 0.00315907, -0.0496086, 0.00258759, -0.0483721, 0.00204823, -0.0471112, 0.00154178, -0.0458206, 0.00106917, -0.0444953, 0.000631444, -0.0431301, 0.000229761, -0.0417196, -0.000134632, -0.0402582, -0.0004604, -0.0387401, -0.000746145, -0.0371586, -0.000990414, -0.0355065, -0.00119174, -0.0337754, -0.00134865, -0.0319555, -0.00145973, -0.0300355, -0.00152368, -0.0280017, -0.00153937, -0.0258378, -0.00150593, -0.023524, -0.00142292, -0.021036, -0.00129044, -0.0183443, -0.0011094, -0.0154122, -0.000953442, -0.0116847, -0.000731957, -0.00775015, -0.000411263, -0.00386882
3.62525, 0.583167, 0.836574, 0.316432, -0.0942, 0.0164319, -0.062458, 0.0146394, -0.0274385, 0.0514737, 3.61061, 0.610606, 0.7851, 0.3, -0.0317419, 0.0164319, -0.062458, 0.0152921, -0.0613967, 0.0142031, -0.0603593, 0.0131612, -0.0593466, 0.0121631, -0.0583586, 0.0112062, -0.0573937, 0.0102879, -0.0564498, 0.00940636, -0.0555238, 0.0085597, -0.0546122, 0.00774652, -0.0537109, 0.00696564, -0.0528157, 0.00621616, -0.0519218, 0.0054974, -0.0510248, 0.0048089, -0.0501197, 0.00415045, -0.0492019, 0.00352199, -0.0482667, 0.00292368, -0.0473094, 0.00235584, -0.0463256, 0.00181896, -0.0453106, 0.00131369, -0.0442603, 0.000840852, -0.0431702, 0.000401373, -0.0420359, -3.66087e-06, -0.040853, -0.000373047, -0.0396168, -0.000705465, -0.0383225, -0.000999497, -0.0369646, -0.00125363, -0.0355372, -0.00146629, -0.0340335, -0.00163583, -0.0324459, -0.00176063, -0.0307651, -0.00183905, -0.0289803, -0.00186954, -0.0270786, -0.00185068, -0.0250445, -0.00178129, -0.0228588, -0.00166056, -0.0204984, -0.00148817, -0.0179346, -0.00135324, -0.0144995, -0.00115812, -0.0108164, -0.000861931, -0.00719697, -0.000473867, -0.00360149
3.63479, 0.593611, 0.833283, 0.318811, -0.117625, 0.0188111, -0.0542051, 0.0135728, -0.0275938, 0.0490752, 3.62122, 0.621205, 0.784207, 0.3, -0.06342, 0.0188111, -0.0542051, 0.0173521, -0.0535923, 0.0159777, -0.0529742, 0.0146811, -0.0523542, 0.0134558, -0.0517346, 0.0122964, -0.0511161, 0.0111981, -0.0504984, 0.0101566, -0.0498803, 0.00916823, -0.0492598, 0.00822967, -0.0486345, 0.00733821, -0.0480013, 0.00649149, -0.047357, 0.00568752, -0.046698, 0.00492467, -0.0460206, 0.00420164, -0.045321, 0.00351743, -0.0445955, 0.00287131, -0.0438402, 0.00226282, -0.0430512, 0.00169173, -0.0422249, 0.00115808, -0.0413573, 0.000662074, -0.0404447, 0.00020417, -0.0394832, -0.000215009, -0.0384687, -0.000594648, -0.0373969, -0.000933767, -0.0362635, -0.00123122, -0.0350632, -0.00148574, -0.0337906, -0.00169591, -0.0324393, -0.00186023, -0.0310019, -0.00197711, -0.0294698, -0.00204493, -0.0278328, -0.0020621, -0.0260785, -0.00202707, -0.0241921, -0.00193846, -0.0221556, -0.00179519, -0.0199469, -0.00169908, -0.0168059, -0.0015472, -0.0133787, -0.00129309, -0.010019, -0.000946451, -0.0066874, -0.000514064, -0.00335486
3.64454, 0.604216, 0.830175, 0.32054, -0.143751, 0.0205399, -0.0487802, 0.0126916, -0.0275755, 0.0474555, 3.63185, 0.631791, 0.782719, 0.3, -0.0949712, 0.0205399, -0.0487802, 0.0188414, -0.0484233, 0.0172526, -0.0480472, 0.015764, -0.0476562, 0.0143672, -0.0472536, 0.0130548, -0.046841, 0.0118201, -0.0464188, 0.0106574, -0.0459866, 0.00956152, -0.0455432, 0.00852793, -0.0450867, 0.00755269, -0.044615, 0.0066324, -0.0441252, 0.00576411, -0.0436146, 0.00494533, -0.04308, 0.00417396, -0.0425182, 0.00344828, -0.041926, 0.00276692, -0.0413, 0.00212881, -0.0406369, 0.00153323, -0.0399333, 0.000979702, -0.0391859, 0.000468033, -0.0383913, -1.71991e-06, -0.0375459, -0.000429256, -0.0366461, -0.000814054, -0.0356881, -0.00115537, -0.0346677, -0.00145228, -0.0335803, -0.00170363, -0.0324209, -0.00190815, -0.0311835, -0.00206436, -0.0298614, -0.0021707, -0.0284467, -0.00222549, -0.0269299, -0.00222699, -0.0252999, -0.00217347, -0.0235431, -0.00206327, -0.021643, -0.00200901, -0.0187612, -0.00190329, -0.0155624, -0.001695, -0.0124353, -0.00139441, -0.00934064, -0.00100888, -0.00624945, -0.000543247, -0.00314094
3.65443, 0.614822, 0.827327, 0.321945, -0.172402, 0.021945, -0.0460676, 0.0119365, -0.0275372, 0.0466919, 3.64249, 0.642359, 0.780635, 0.3, -0.126334, 0.021945, -0.0460676, 0.0200536, -0.0457945, 0.0182911, -0.0455006, 0.0166462, -0.04519, 0.0151089, -0.0448656, 0.0136705, -0.0445289, 0.0123231, -0.0441803, 0.0110596, -0.0438193, 0.00987395, -0.0434449, 0.0087606, -0.0430553, 0.00771475, -0.0426483, 0.00673221, -0.0422216, 0.00580931, -0.0417724, 0.00494289, -0.041298, 0.00413026, -0.0407953, 0.00336914, -0.0402614, 0.00265766, -0.0396934, 0.00199431, -0.0390882, 0.00137794, -0.0384427, 0.000807715, -0.037754, 0.000283099, -0.037019, -0.000196139, -0.0362345, -0.000629964, -0.0353973, -0.00101807, -0.0345039, -0.0013599, -0.0335507, -0.00165465, -0.0325336, -0.0019013, -0.031448, -0.0020986, -0.0302888, -0.0022451, -0.02905, -0.00233915, -0.0277248, -0.00237895, -0.0263049, -0.00236256, -0.0247807, -0.00228794, -0.0231405, -0.00227725, -0.0204771, -0.00221895, -0.0174721, -0.00205798, -0.0145443, -0.00180519, -0.0116544, -0.00146859, -0.0087733, -0.00105365, -0.00587972, -0.000563715, -0.0029588
3.66468, 0.625672, 0.824437, 0.322449, -0.20286, 0.0224486, -0.0454116, 0.0115119, -0.0272287, 0.0464813, 3.65316, 0.652901, 0.777956, 0.3, -0.157449, 0.0224486, -0.0454116, 0.0204608, -0.0451088, 0.0186109, -0.0447906, 0.0168872, -0.0444603, 0.0152791, -0.0441197, 0.013777, -0.0437694, 0.0123727, -0.0434095, 0.0110586, -0.0430388, 0.00982798, -0.042656, 0.00867506, -0.0422591, 0.00759463, -0.0418459, 0.00658209, -0.0414138, 0.00563346, -0.0409604, 0.00474528, -0.0404827, 0.00391456, -0.0399782, 0.00313877, -0.039444, 0.00241581, -0.0388774, 0.00174395, -0.0382756, 0.00112184, -0.0376361, 0.000548452, -0.036956, 2.3119e-05, -0.0362328, -0.000454537, -0.0354637, -0.000884581, -0.034646, -0.0012668, -0.0337768, -0.00160068, -0.0328529, -0.00188546, -0.0318711, -0.00212009, -0.0308277, -0.00230325, -0.0297184, -0.00243337, -0.0285386, -0.00250863, -0.0272827, -0.00252696, -0.0259446, -0.00248604, -0.0245167, -0.00251672, -0.0220295, -0.00250344, -0.0191815, -0.00238755, -0.0164188, -0.00218054, -0.0137016, -0.00189104, -0.011, -0.00152518, -0.00829232, -0.00108698, -0.0055629, -0.000578514, -0.00280123
3.67501, 0.63647, 0.821388, 0.322851, -0.234302, 0.0228505, -0.0460424, 0.0111482, -0.0269419, 0.0467059, 3.66387, 0.663412, 0.774682, 0.3, -0.188259, 0.0228505, -0.0460424, 0.0207813, -0.0456354, 0.0188574, -0.0452226, 0.0170663, -0.0448057, 0.015397, -0.0443852, 0.0138398, -0.043961, 0.0123859, -0.043532, 0.0110274, -0.0430967, 0.00975729, -0.0426531, 0.00856946, -0.042199, 0.00745841, -0.0417319, 0.0064193, -0.0412491, 0.00544789, -0.0407482, 0.0045405, -0.0402263, 0.00369392, -0.0396809, 0.00290543, -0.0391095, 0.00217273, -0.0385094, 0.00149394, -0.0378783, 0.00086754, -0.0372139, 0.000292389, -0.0365138, -0.000232315, -0.0357759, -0.000707035, -0.0349979, -0.00113192, -0.0341776, -0.00150678, -0.0333129, -0.00183115, -0.0324013, -0.0021042, -0.0314404, -0.00232482, -0.0304277, -0.00249156, -0.0293602, -0.00260264, -0.028235, -0.00265595, -0.0270486, -0.002649, -0.0257973, -0.00272065, -0.023454, -0.0027514, -0.0207342, -0.00267937, -0.0181092, -0.0025167, -0.0155379, -0.00227265, -0.0129898, -0.00195403, -0.0104423, -0.00156552, -0.00787908, -0.0011099, -0.00528883, -0.000588261, -0.00266412
3.68549, 0.647272, 0.817979, 0.323025, -0.266139, 0.0230247, -0.0474267, 0.0108873, -0.0266118, 0.0471676, 3.67461, 0.673884, 0.770812, 0.3, -0.218713, 0.0230247, -0.0474267, 0.0208977, -0.046877, 0.0189208, -0.0463324, 0.0170813, -0.0457929, 0.015368, -0.0452579, 0.013771, -0.0447261, 0.0122812, -0.0441956, 0.0108906, -0.0436644, 0.00959218, -0.0431299, 0.00837946, -0.0425896, 0.00724684, -0.0420408, 0.00618933, -0.0414808, 0.00520256, -0.0409071, 0.00428268, -0.040317, 0.00342638, -0.039708, 0.0026308, -0.0390779, 0.00189352, -0.0384244, 0.00121256, -0.0377454, 0.000586305, -0.037039, 1.35387e-05, -0.0363034, -0.000506601, -0.0355369, -0.000974625, -0.0347378, -0.00139069, -0.0339048, -0.0017546, -0.0330362, -0.00206581, -0.0321309, -0.00232341, -0.0311876, -0.00252611, -0.0302051, -0.00267223, -0.0291825, -0.00275962, -0.028119, -0.00278572, -0.027014, -0.00289694, -0.0247866, -0.00296982, -0.0221697, -0.00293945, -0.0196578, -0.00281865, -0.0172088, -0.00261734, -0.0147909, -0.00234297, -0.0123808, -0.00200086, -0.00996123, -0.00159448, -0.00752019, -0.00112561, -0.00504941, -0.000594543, -0.00254378
3.69596, 0.658032, 0.814088, 0.323241, -0.298064, 0.0232414, -0.0493053, 0.0105754, -0.026279, 0.0477418, 3.68539, 0.684311, 0.766347, 0.3, -0.248759, 0.0232414, -0.0493053, 0.0210532, -0.0485751, 0.01902, -0.0478621, 0.017129, -0.0471648, 0.015369, -0.0464814, 0.0137297, -0.0458096, 0.0122019, -0.0451468, 0.0107774, -0.0444903, 0.00944897, -0.0438372, 0.00821, -0.0431846, 0.00705472, -0.0425297, 0.00597797, -0.0418698, 0.00497521, -0.0412022, 0.00404246, -0.0405246, 0.00317625, -0.0398347, 0.0023736, -0.0391303, 0.00163196, -0.0384097, 0.000949232, -0.0376711, 0.000323711, -0.0369129, -0.000245904, -0.0361341, -0.00076054, -0.0353333, -0.00122073, -0.0345098, -0.00162663, -0.0336629, -0.00197801, -0.0327921, -0.00227421, -0.0318976, -0.00251417, -0.0309795, -0.00269633, -0.0300387, -0.00281865, -0.0290767, -0.00287853, -0.0280959, -0.00302908, -0.0259674, -0.0031433, -0.0234397, -0.00315368, -0.0210278, -0.00307366, -0.0186882, -0.00291381, -0.0163881, -0.00268221, -0.014103, -0.00238481, -0.011815, -0.00202573, -0.00951117, -0.00160742, -0.00718253, -0.00113085, -0.00482321, -0.00059564, -0.00242976
3.70647, 0.668831, 0.809617, 0.323332, -0.329939, 0.0233319, -0.0515849, 0.0102505, -0.0258561, 0.0483314, 3.69622, 0.694687, 0.761286, 0.3, -0.278354, 0.0233319, -0.0515849, 0.0210945, -0.0506415, 0.0190161, -0.0497282, 0.017084, -0.0488423, 0.0152865, -0.0479807, 0.0136135, -0.0471403, 0.0120557, -0.0463177, 0.0106047, -0.0455097, 0.00925309, -0.0447131, 0.00799432, -0.0439248, 0.00682241, -0.0431419, 0.00573211, -0.0423617, 0.00471876, -0.0415817, 0.00377825, -0.0407996, 0.002907, -0.0400135, 0.00210192, -0.0392215, 0.00136037, -0.0384222, 0.000680154, -0.0376143, 5.95035e-05, -0.0367969, -0.000502944, -0.0359693, -0.00100813, -0.0351311, -0.0014566, -0.0342824, -0.00184844, -0.0334235, -0.00218331, -0.0325555, -0.0024604, -0.0316798, -0.00267836, -0.0307989, -0.00283527, -0.0299164, -0.00292856, -0.029037, -0.00311723, -0.0269905, -0.00327114, -0.0245392, -0.00332057, -0.0222153, -0.00327963, -0.0199739, -0.00315945, -0.017781, -0.00296872, -0.0156109, -0.00271398, -0.0134449, -0.00239996, -0.0112691, -0.00202974, -0.00907395, -0.00160494, -0.00685281, -0.00112588, -0.0046015, -0.000591635, -0.00231771
3.71709, 0.679577, 0.804597, 0.323326, -0.361432, 0.023326, -0.0539752, 0.00998335, -0.0254274, 0.048967, 3.70711, 0.705004, 0.75563, 0.3, -0.307457, 0.023326, -0.0539752, 0.0210466, -0.052814, 0.0189297, -0.0516952, 0.0169625, -0.0506148, 0.0151334, -0.049569, 0.0134321, -0.0485539, 0.0118493, -0.0475656, 0.0103766, -0.0466005, 0.00900652, -0.0456552, 0.00773229, -0.0447266, 0.0065479, -0.0438117, 0.00544799, -0.042908, 0.00442781, -0.0420132, 0.00348315, -0.0411252, 0.00261033, -0.0402424, 0.00180619, -0.0393634, 0.001068, -0.0384872, 0.000393512, -0.037613, -0.000219097, -0.0367405, -0.000771194, -0.0358699, -0.00126371, -0.0350017, -0.0016971, -0.0341369, -0.00207136, -0.0332775, -0.00238593, -0.032426, -0.0026397, -0.0315864, -0.0028309, -0.0307638, -0.00295704, -0.0299654, -0.00318286, -0.0279804, -0.00337495, -0.0255861, -0.00346147, -0.0233315, -0.00345718, -0.0211701, -0.00337383, -0.0190663, -0.00322069, -0.0169934, -0.00300488, -0.0149316, -0.00273169, -0.0128663, -0.00240481, -0.010787, -0.00202648, -0.00868639, -0.00159764, -0.00655975, -0.00111804, -0.00440408, -0.000586343, -0.00221784
3.72787, 0.690266, 0.799104, 0.323168, -0.392714, 0.023168, -0.0566821, 0.00981482, -0.0249906, 0.0497253, 3.71806, 0.715257, 0.749379, 0.3, -0.336032, 0.023168, -0.0566821, 0.0208593, -0.0552898, 0.0187154, -0.0539519, 0.0167238, -0.0526634, 0.0148728, -0.0514198, 0.0131522, -0.0502166, 0.0115527, -0.0490496, 0.0100659, -0.047915, 0.00868433, -0.0468093, 0.00740114, -0.0457294, 0.00621032, -0.0446725, 0.00510645, -0.0436362, 0.00408473, -0.0426185, 0.0031409, -0.0416177, 0.00227124, -0.0406326, 0.00147253, -0.0396622, 0.00074203, -0.0387061, 7.74604e-05, -0.0377642, -0.000522973, -0.0368371, -0.0010606, -0.0359257, -0.00153624, -0.0350318, -0.0019502, -0.034158, -0.00230224, -0.033308, -0.00259146, -0.0324867, -0.00281628, -0.0317011, -0.0029743, -0.0309602, -0.00323627, -0.0290109, -0.00346511, -0.0266485, -0.00358674, -0.0244398, -0.00361661, -0.022336, -0.00356713, -0.0203001, -0.00344815, -0.0183039, -0.00326738, -0.0163264, -0.00303065, -0.0143521, -0.00274223, -0.0123695, -0.00240493, -0.0103708, -0.0020203, -0.00835049, -0.00158871, -0.00630493, -0.00110945, -0.00423201, -0.000580817, -0.00213065
3.73875, 0.700815, 0.793145, 0.323057, -0.42362, 0.023057, -0.0595722, 0.00967788, -0.0246222, 0.0506124, 3.72907, 0.725437, 0.742532, 0.3, -0.364048, 0.023057, -0.0595722, 0.0207115, -0.0579368, 0.018534, -0.0563679, 0.016512, -0.0548598, 0.0146339, -0.0534073, 0.0128895, -0.0520057, 0.0112694, -0.0506505, 0.00976513, -0.0493379, 0.00836916, -0.0480643, 0.00707465, -0.0468269, 0.00587546, -0.0456229, 0.00476611, -0.0444504, 0.00374171, -0.0433075, 0.00279794, -0.0421932, 0.001931, -0.0411065, 0.00113762, -0.0400471, 0.000415029, -0.0390153, -0.00023904, -0.0380117, -0.00082635, -0.0370379, -0.00134813, -0.036096, -0.00180506, -0.0351894, -0.00219719, -0.0343225, -0.00252391, -0.0335016, -0.00278385, -0.0327348, -0.00297473, -0.0320331, -0.00327371, -0.0300983, -0.00353956, -0.0277467, -0.00369585, -0.0255639, -0.00375878, -0.0234988, -0.00374146, -0.0215123, -0.00365437, -0.0195749, -0.00350579, -0.0176641, -0.00330215, -0.0157634, -0.00304823, -0.0138604, -0.00274743, -0.0119465, -0.00240184, -0.0100153, -0.00201244, -0.00806284, -0.00157911, -0.00608639, -0.00110077, -0.00408433, -0.000575407, -0.00205581
3.74971, 0.711198, 0.786595, 0.323047, -0.453693, 0.0230466, -0.0622153, 0.00954825, -0.0243407, 0.0515047, 3.74016, 0.735539, 0.73509, 0.3, -0.391478, 0.0230466, -0.0622153, 0.0206498, -0.0603471, 0.0184261, -0.058557, 0.0163626, -0.056839, 0.0144477, -0.0551875, 0.012671, -0.0535977, 0.0110229, -0.052065, 0.0094949, -0.0505857, 0.0080792, -0.0491564, 0.0067688, -0.0477743, 0.00555743, -0.0464371, 0.00443945, -0.0451431, 0.00340982, -0.043891, 0.00246409, -0.0426798, 0.00159837, -0.0415095, 0.000809316, -0.0403803, 9.41085e-05, -0.0392932, -0.000549512, -0.0382499, -0.00112323, -0.0372532, -0.00162815, -0.0363067, -0.00206469, -0.0354158, -0.00243254, -0.0345876, -0.00273058, -0.0338316, -0.00295671, -0.0331604, -0.00329474, -0.0312287, -0.00359899, -0.0288756, -0.00379053, -0.0267065, -0.00388642, -0.0246678, -0.00390051, -0.0227183, -0.00384392, -0.0208268, -0.00372556, -0.0189696, -0.00355242, -0.0171289, -0.00332983, -0.0152915, -0.00306173, -0.0134479, -0.00275076, -0.0115913, -0.00239843, -0.00971688, -0.00200521, -0.00782158, -0.0015706, -0.00590334, -0.00109319, -0.00396087, -0.000570731, -0.00199341
3.76067, 0.721323, 0.77959, 0.323376, -0.48313, 0.0233761, -0.0648295, 0.00933976, -0.0242317, 0.0525367, 3.75133, 0.745555, 0.727053, 0.3, -0.418301, 0.0233761, -0.0648295, 0.0208905, -0.0627144, 0.0185868, -0.060691, 0.0164515, -0.0587528, 0.0144727, -0.0568941, 0.0126393, -0.0551099, 0.0109416, -0.0533957, 0.00937048, -0.0517479, 0.00791783, -0.0501633, 0.00657631, -0.0486393, 0.00533928, -0.0471738, 0.00420079, -0.0457654, 0.00315553, -0.0444132, 0.00219881, -0.0431168, 0.00132653, -0.0418765, 0.000535176, -0.0406935, -0.00017815, -0.0395695, -0.000815729, -0.0385076, -0.00137918, -0.0375118, -0.00186941, -0.0365881, -0.00228653, -0.0357444, -0.00262974, -0.0349912, -0.00289718, -0.0343426, -0.00327965, -0.0324039, -0.00362665, -0.0300391, -0.00385677, -0.0278738, -0.00398801, -0.0258516, -0.00403502, -0.0239292, -0.00400967, -0.0220735, -0.00392151, -0.0202593, -0.00377815, -0.0184678, -0.0035855, -0.0166848, -0.00334802, -0.0148999, -0.00306891, -0.0131058, -0.00275022, -0.0112971, -0.00239296, -0.00947012, -0.00199719, -0.00762257, -0.00156209, -0.0057528, -0.00108598, -0.00385972, -0.000566406, -0.0019425
3.7716, 0.731161, 0.772179, 0.324116, -0.511989, 0.0241164, -0.0674894, 0.00902304, -0.0243158, 0.0537588, 3.76258, 0.755477, 0.71842, 0.3, -0.444499, 0.0241164, -0.0674894, 0.021497, -0.0651024, 0.0190726, -0.0628236, 0.0168291, -0.0606463, 0.0147536, -0.0585647, 0.0128345, -0.0565736, 0.0110609, -0.0546688, 0.0094234, -0.0528464, 0.00791309, -0.0511034, 0.00652205, -0.0494375, 0.0052431, -0.0478467, 0.0040698, -0.0463298, 0.00299638, -0.0448864, 0.00201775, -0.0435164, 0.00112951, -0.0422208, 0.000327904, -0.0410016, -0.00039012, -0.0398615, -0.00102688, -0.0388052, -0.00158392, -0.0378387, -0.00206189, -0.0369705, -0.00246044, -0.0362121, -0.00277809, -0.0355788, -0.00321294, -0.0336245, -0.00360939, -0.0312391, -0.0038835, -0.0290695, -0.00405436, -0.0270561, -0.00413757, -0.025153, -0.0041458, -0.0233251, -0.00408936, -0.0215459, -0.00397649, -0.0197951, -0.00381372, -0.0180576, -0.00360611, -0.0163223, -0.0033574, -0.0145809, -0.00307018, -0.0128277, -0.00274601, -0.0110587, -0.00238548, -0.00927095, -0.00198834, -0.00746266, -0.0015535, -0.00563248, -0.00107905, -0.00377935, -0.000562381, -0.00190234
3.78262, 0.740795, 0.764357, 0.325004, -0.540403, 0.0250038, -0.0703427, 0.00869959, -0.0245027, 0.0551653, 3.77392, 0.765298, 0.709192, 0.3, -0.47006, 0.0250038, -0.0703427, 0.0222307, -0.0676578, 0.0196681, -0.0651008, 0.0173007, -0.0626645, 0.0151148, -0.0603431, 0.0130976, -0.0581313, 0.0112376, -0.0560248, 0.00952447, -0.0540199, 0.00794852, -0.0521136, 0.00650115, -0.0503037, 0.00517452, -0.0485883, 0.00396161, -0.0469666, 0.00285614, -0.0454384, 0.00185262, -0.0440042, 0.000946275, -0.0426659, 0.000133133, -0.0414262, -0.000589971, -0.0402896, -0.00122533, -0.0392625, -0.00177425, -0.0383539, -0.00223697, -0.0375759, -0.00261246, -0.036945, -0.00310686, -0.0349583, -0.00355883, -0.0325356, -0.00388175, -0.030347, -0.00409595, -0.0283289, -0.00421808, -0.0264327, -0.00426177, -0.0246211, -0.0042381, -0.0228656, -0.00415607, -0.0211447, -0.00402286, -0.019442, -0.00384414, -0.0177455, -0.00362423, -0.0160463, -0.00336626, -0.0143381, -0.00307234, -0.0126162, -0.00274361, -0.0108776, -0.00238033, -0.00911998, -0.00198196, -0.00734187, -0.00154717, -0.00554202, -0.0010739, -0.00371931, -0.000559372, -0.00187257
3.79372, 0.75027, 0.756092, 0.325964, -0.568437, 0.025964, -0.0734631, 0.00837157, -0.0247412, 0.056724, 3.78535, 0.775011, 0.699369, 0.3, -0.494974, 0.025964, -0.0734631, 0.0230246, -0.0704467, 0.0203127, -0.0675813, 0.0178119, -0.0648595, 0.0155074, -0.0622754, 0.0133852, -0.0598236, 0.011433, -0.0574997, 0.00963943, -0.0553001, 0.00799396, -0.0532216, 0.00648721, -0.0512621, 0.00511066, -0.0494202, 0.00385665, -0.047695, 0.00271837, -0.0460868, 0.00168988, -0.044597, 0.000766105, -0.0432281, -5.71105e-05, -0.0419846, -0.000782956, -0.0408728, -0.00141355, -0.039902, -0.0019498, -0.0390849, -0.00239124, -0.0384388, -0.0029528, -0.0363996, -0.00346684, -0.0339206, -0.00384384, -0.0316965, -0.00410557, -0.0296595, -0.00426989, -0.0277577, -0.00435145, -0.0259511, -0.00436225, -0.024209, -0.00431208, -0.0225083, -0.00420883, -0.0208313, -0.00405883, -0.019165, -0.00386699, -0.0174997, -0.00363702, -0.0158283, -0.00337158, -0.0141458, -0.00307232, -0.0124485, -0.00274004, -0.0107341, -0.00237473, -0.00900056, -0.00197559, -0.00724665, -0.00154112, -0.0054711, -0.00106909, -0.00367259, -0.000556612, -0.00184964
3.80479, 0.75946, 0.747508, 0.327339, -0.596144, 0.0273394, -0.0769085, 0.00791334, -0.0251478, 0.0585585, 3.79688, 0.784607, 0.68895, 0.3, -0.519235, 0.0273394, -0.0769085, 0.0241861, -0.0735043, 0.0212823, -0.0702806, 0.0186101, -0.0672299, 0.016153, -0.0643459, 0.0138958, -0.0616229, 0.0118247, -0.0590564, 0.00992702, -0.0566424, 0.0081913, -0.0543778, 0.00660707, -0.0522602, 0.00516485, -0.0502883, 0.0038562, -0.0484615, 0.00267361, -0.0467805, 0.00161061, -0.0452474, 0.000661749, -0.0438661, -0.000177343, -0.0426428, -0.000909823, -0.0415867, -0.00153751, -0.0407107, -0.00206073, -0.0400329, -0.00270382, -0.0379238, -0.00329238, -0.0353729, -0.00373402, -0.0331009, -0.0040522, -0.0310349, -0.00426618, -0.0291189, -0.00439183, -0.0273096, -0.00444219, -0.0255741, -0.00442796, -0.0238874, -0.00435786, -0.0222302, -0.00423891, -0.0205883, -0.00407672, -0.018951, -0.00387561, -0.0173106, -0.00363879, -0.0156615, -0.0033685, -0.0139996, -0.00306606, -0.0123221, -0.002732, -0.0106269, -0.00236605, -0.00891243, -0.00196725, -0.00717739, -0.00153392, -0.00542042, -0.00106372, -0.00363993, -0.000553665, -0.00183403
3.81598, 0.768485, 0.738514, 0.32874, -0.62354, 0.0287401, -0.0806985, 0.00747601, -0.0255949, 0.0605785, 3.80851, 0.79408, 0.677936, 0.3, -0.542842, 0.0287401, -0.0806985, 0.025363, -0.0768652, 0.0222591, -0.0732473, 0.0194085, -0.0698368, 0.0167932, -0.0666269, 0.0143964, -0.0636117, 0.0122029, -0.0607863, 0.0101988, -0.0581463, 0.00837123, -0.0556885, 0.00670877, -0.0534105, 0.00520095, -0.0513107, 0.00383849, -0.049389, 0.00261325, -0.0476468, 0.00151825, -0.0460874, 0.000547759, -0.0447164, -0.000302627, -0.0435429, -0.00103582, -0.0425798, -0.00165305, -0.0418456, -0.00238938, -0.0396371, -0.00306269, -0.0369865, -0.00357741, -0.0346434, -0.00395893, -0.0325287, -0.00422816, -0.0305814, -0.00440236, -0.0287548, -0.00449575, -0.0270129, -0.00452006, -0.0253283, -0.00448491, -0.0236801, -0.00439814, -0.0220525, -0.00426606, -0.020434, -0.00409365, -0.0188158, -0.00388475, -0.0171915, -0.00364215, -0.0155568, -0.00336774, -0.0139083, -0.00306256, -0.0122436, -0.00272688, -0.0105611, -0.00236024, -0.0088592, -0.00196152, -0.0071365, -0.00152891, -0.00539142, -0.00105996, -0.00362204, -0.000551597, -0.001826
3.82718, 0.777271, 0.729116, 0.330431, -0.650495, 0.0304313, -0.0847005, 0.00693455, -0.0261495, 0.0627903, 3.82024, 0.80342, 0.666326, 0.3, -0.565795, 0.0304313, -0.0847005, 0.0267936, -0.0803854, 0.023457, -0.0763283, 0.0203995, -0.0725206, 0.0176009, -0.0689549, 0.0150427, -0.0656246, 0.012708, -0.0625241, 0.0105811, -0.0596487, 0.00864788, -0.0569946, 0.00689553, -0.0545592, 0.00531251, -0.0523409, 0.00388859, -0.0503401, 0.00261491, -0.0485589, 0.00148399, -0.0470024, 0.000489876, -0.0456787, -0.000371722, -0.0446007, -0.00110324, -0.043787, -0.00195128, -0.0414556, -0.00272546, -0.0386849, -0.00332703, -0.0362547, -0.00378367, -0.0340787, -0.00411819, -0.0320902, -0.00434945, -0.030238, -0.00449306, -0.0284829, -0.00456193, -0.0267946, -0.00456672, -0.0251502, -0.00451616, -0.0235324, -0.00441737, -0.0219281, -0.00427607, -0.0203278, -0.00409676, -0.0187244, -0.00388285, -0.0171127, -0.0036368, -0.0154891, -0.00336021, -0.0138508, -0.0030539, -0.0121959, -0.00271794, -0.0105228, -0.00235171, -0.00882992, -0.00195395, -0.00711571, -0.00152275, -0.00537828, -0.00105557, -0.00361528, -0.000549278, -0.00182382
3.83832, 0.785747, 0.719383, 0.332585, -0.67699, 0.032585, -0.0888925, 0.00622872, -0.0268727, 0.0652621, 3.83209, 0.81262, 0.654121, 0.3, -0.588098, 0.032585, -0.0888925, 0.0286312, -0.0840323, 0.0250126, -0.0794831, 0.0217046, -0.0752353, 0.0186844, -0.0712804, 0.0159311, -0.0676108, 0.0134255, -0.0642199, 0.0111502, -0.0611021, 0.00908911, -0.0582528, 0.00722789, -0.0556689, 0.00555364, -0.053349, 0.00405505, -0.0512938, 0.00272241, -0.0495068, 0.00154775, -0.0479951, 0.000524976, -0.0467708, -0.000349933, -0.0458519, -0.00133599, -0.0433732, -0.00223405, -0.0404626, -0.00294233, -0.0379307, -0.00349122, -0.0356825, -0.00390579, -0.0336448, -0.00420684, -0.0317611, -0.00441159, -0.0299881, -0.00453434, -0.0282924, -0.00458697, -0.0266488, -0.00457928, -0.0250379, -0.0045193, -0.0234453, -0.00441361, -0.0218603, -0.00426743, -0.0202749, -0.00408488, -0.0186832, -0.00386907, -0.0170812, -0.00362218, -0.0154658, -0.00334561, -0.0138348, -0.00303997, -0.0121864, -0.0027052, -0.0105189, -0.00234057, -0.00883089, -0.0019447, -0.00712044, -0.00151562, -0.0053853, -0.00105073, -0.00362268, -0.000546819, -0.00182911
3.8495, 0.793971, 0.709304, 0.334991, -0.703143, 0.034991, -0.0933859, 0.0054452, -0.0277003, 0.067983, 3.84405, 0.821671, 0.641321, 0.3, -0.609757, 0.034991, -0.0933859, 0.0306853, -0.087919, 0.0267536, -0.0828269, 0.0231679, -0.0780983, 0.0199027, -0.0737233, 0.0169342, -0.0696928, 0.0142409, -0.0659989, 0.0118029, -0.0626347, 0.00960229, -0.0595949, 0.00762291, -0.0568756, 0.00585044, -0.0544755, 0.00427242, -0.0523963, 0.00287836, -0.0506435, 0.00165994, -0.0492276, 0.000611158, -0.0481661, -0.000540982, -0.0455004, -0.00158758, -0.042415, -0.00242367, -0.0397542, -0.00308288, -0.0374125, -0.00359299, -0.0353087, -0.00397707, -0.03338, -0.00425425, -0.0315781, -0.0044405, -0.029866, -0.00454909, -0.0282154, -0.00459106, -0.0266048, -0.00457552, -0.0250179, -0.00450999, -0.0234426, -0.00440057, -0.0218699, -0.00425213, -0.0202933, -0.00406848, -0.0187079, -0.00385247, -0.0171105, -0.0036061, -0.0154984, -0.00333057, -0.0138696, -0.00302636, -0.0122225, -0.0026933, -0.0105555, -0.00233056, -0.00886676, -0.0019367, -0.0071541, -0.00150967, -0.00541487, -0.00104681, -0.00364571, -0.000544905, -0.00184252
3.86072, 0.801817, 0.69887, 0.337775, -0.728435, 0.0377746, -0.0976554, 0.00458987, -0.028748, 0.0709448, 3.85613, 0.830565, 0.627925, 0.3, -0.63078, 0.0377746, -0.0976554, 0.0330657, -0.0915622, 0.0287757, -0.0859185, 0.024873, -0.0807112, 0.0213282, -0.075928, 0.0181146, -0.0715579, 0.0152076, -0.067591, 0.0125848, -0.064019, 0.010226, -0.0608352, 0.00811289, -0.0580355, 0.00622973, -0.0556188, 0.00456286, -0.0535885, 0.00310114, -0.0519532, 0.00183607, -0.0507288, 0.00047902, -0.0478536, -0.000750228, -0.0445738, -0.00174354, -0.0417703, -0.00253841, -0.0393254, -0.00316586, -0.0371485, -0.00365167, -0.0351696, -0.0040173, -0.0333347, -0.00428068, -0.0316026, -0.00445677, -0.0299414, -0.00455807, -0.0283272, -0.00459499, -0.0267417, -0.00457616, -0.0251713, -0.00450867, -0.0236059, -0.00439829, -0.022038, -0.00424964, -0.0204624, -0.0040663, -0.0188751, -0.00385094, -0.0172733, -0.0036054, -0.015655, -0.00333077, -0.0140182, -0.00302742, -0.0123616, -0.0026951, -0.0106832, -0.0023329, -0.00898099, -0.00193931, -0.00725254, -0.00151223, -0.00549464, -0.00104897, -0.00370334, -0.000546221, -0.00187384
3.87175, 0.809421, 0.687873, 0.341094, -0.752934, 0.0410942, -0.101757, 0.00341653, -0.0298714, 0.0739384, 3.86833, 0.839292, 0.613934, 0.3, -0.651176, 0.0410942, -0.101757, 0.0359201, -0.094966, 0.0312176, -0.0887156, 0.0269505, -0.0829899, 0.0230852, -0.0777739, 0.0195912, -0.0730536, 0.0164404, -0.0688164, 0.0136072, -0.0650517, 0.0110686, -0.0617516, 0.00880444, -0.0589113, 0.00679696, -0.0565304, 0.00503137, -0.0546147, 0.0034959, -0.0531774, 0.00188656, -0.0500586, 0.00043334, -0.0465645, -0.000753569, -0.0436072, -0.00171622, -0.0410548, -0.00248943, -0.0388053, -0.00310218, -0.0367804, -0.00357864, -0.0349194, -0.00393904, -0.0331758, -0.00420033, -0.031514, -0.00437672, -0.0299068, -0.0044801, -0.0283338, -0.00452042, -0.0267796, -0.00450593, -0.0252326, -0.00444344, -0.0236846, -0.00433847, -0.0221295, -0.00419545, -0.0205628, -0.00401783, -0.0189815, -0.00380816, -0.0173833, -0.00356818, -0.0157662, -0.00329891, -0.0141288, -0.00300069, -0.0124693, -0.00267321, -0.0107859, -0.00231554, -0.00907606, -0.00192614, -0.007337, -0.00150291, -0.00556498, -0.00104313, -0.00375542, -0.000543498, -0.00190275
3.88243, 0.816742, 0.676457, 0.345239, -0.776958, 0.0452388, -0.106, 0.00177703, -0.0311029, 0.0771095, 3.88065, 0.847845, 0.599348, 0.3, -0.670958, 0.0452388, -0.106, 0.0395075, -0.098382, 0.0343117, -0.0914206, 0.0296094, -0.0850949, 0.0253619, -0.0793853, 0.0215337, -0.0742736, 0.0180926, -0.0697437, 0.0150092, -0.0657821, 0.0122573, -0.0623785, 0.0098141, -0.0595275, 0.00765976, -0.0572298, 0.00577821, -0.0554946, 0.00385024, -0.0520704, 0.00211523, -0.0483218, 0.000683817, -0.0451851, -0.000491573, -0.0425104, -0.00145037, -0.0401824, -0.00222543, -0.0381116, -0.0028442, -0.0362294, -0.00332969, -0.0344829, -0.00370124, -0.0328315, -0.00397513, -0.0312443, -0.00416504, -0.0296978, -0.00428249, -0.0281745, -0.0043371, -0.0266612, -0.0043369, -0.0251483, -0.00428853, -0.0236289, -0.0041974, -0.0220979, -0.00406785, -0.0205519, -0.00390325, -0.0189882, -0.00370613, -0.0174049, -0.00347823, -0.0158003, -0.00322055, -0.014173, -0.00293344, -0.012521, -0.00261663, -0.0108423, -0.0022692, -0.00913412, -0.00188967, -0.00739314, -0.00147597, -0.00561508, -0.00102541, -0.00379467, -0.000534748, -0.00192559
3.8931, 0.823982, 0.664314, 0.349428, -0.800244, 0.049428, -0.110106, -4.1572e-06, -0.03223, 0.0801476, 3.8931, 0.856212, 0.584166, 0.3, -0.690137, 0.049428, -0.110106, 0.0431281, -0.101612, 0.0374311, -0.0939071, 0.0322887, -0.0869645, 0.0276565, -0.0807594, 0.0234942, -0.0752688, 0.0197649, -0.0704721, 0.0164354, -0.0663525, 0.0134763, -0.0628979, 0.0108622, -0.060103, 0.00857153, -0.057971, 0.00626863, -0.0541545, 0.00420258, -0.0500833, 0.00248379, -0.0467162, 0.00105817, -0.0438821, -0.0001191, -0.0414485, -0.00108539, -0.0393134, -0.00187198, -0.0373978, -0.00250511, -0.0356411, -0.00300689, -0.0339968, -0.00339597, -0.0324291, -0.00368811, -0.0309111, -0.00389661, -0.0294223, -0.00403266, -0.0279476, -0.0041057, -0.0264759, -0.00412359, -0.0249989, -0.00409286, -0.0235109, -0.00401884, -0.0220077, -0.00390583, -0.0204864, -0.0037572, -0.0189449, -0.00357546, -0.0173813, -0.00336237, -0.0157942, -0.00311898, -0.014182, -0.00284567, -0.0125425, -0.0025422, -0.0108736, -0.00220775, -0.00917189, -0.00184087, -0.00743362, -0.00143957, -0.00565388, -0.00100124, -0.00382672, -0.000522683, -0.00194501
3.90394, 0.831191, 0.651557, 0.353329, -0.823373, 0.0533286, -0.114645, -0.00173647, -0.0331957, 0.0831681, 3.90568, 0.864387, 0.568389, 0.3, -0.708728, 0.0533286, -0.114645, 0.0464809, -0.105218, 0.0403036, -0.0967289, 0.0347424, -0.0891451, 0.0297473, -0.0824354, 0.0252727, -0.0765712, 0.0212775, -0.0715278, 0.0177248, -0.0672852, 0.0145824, -0.0638308, 0.0118225, -0.0611609, 0.00908869, -0.0568062, 0.00664226, -0.0522843, 0.00459398, -0.0485846, 0.00288208, -0.045509, 0.00145536, -0.0429043, 0.000271104, -0.0406522, -0.000706403, -0.0386611, -0.0015072, -0.0368606, -0.0021566, -0.0351963, -0.002676, -0.0336267, -0.00308352, -0.0321201, -0.00339449, -0.0306526, -0.00362193, -0.0292061, -0.0037768, -0.0277675, -0.00386837, -0.026327, -0.00390439, -0.0248775, -0.00389131, -0.0234142, -0.00383441, -0.0219334, -0.00373798, -0.0204326, -0.00360537, -0.0189099, -0.00343913, -0.0173637, -0.00324102, -0.0157923, -0.00301214, -0.0141938, -0.00275293, -0.0125661, -0.00246321, -0.0109063, -0.00214221, -0.00921072, -0.00178858, -0.00747493, -0.00140037, -0.00569337, -0.000975074, -0.00385931, -0.000509559, -0.00196475
3.91457, 0.83823, 0.638523, 0.357765, -0.846989, 0.0577654, -0.120244, -0.00381725, -0.0341278, 0.0865064, 3.91839, 0.872357, 0.552017, 0.3, -0.726745, 0.0577654, -0.120244, 0.0503051, -0.109692, 0.0435927, -0.100261, 0.0375666, -0.091909, 0.0321705, -0.0845982, 0.0273529, -0.0782933, 0.023068, -0.0729644, 0.0192747, -0.068589, 0.0159379, -0.0651541, 0.0126747, -0.0600409, 0.00976148, -0.0548826, 0.00730919, -0.0507046, 0.00524646, -0.0472737, 0.00351412, -0.0444095, 0.00206286, -0.041972, 0.000851433, -0.0398531, -0.000154851, -0.0379693, -0.00098524, -0.0362559, -0.00166448, -0.0346633, -0.00221356, -0.0331537, -0.00265029, -0.0316982, -0.00298982, -0.030275, -0.00324499, -0.0288678, -0.00342671, -0.0274648, -0.00354419, -0.0260571, -0.00360516, -0.0246384, -0.00361608, -0.0232044, -0.00358227, -0.0217517, -0.00350806, -0.0202781, -0.00339686, -0.0187816, -0.00325128, -0.0172604, -0.00307319, -0.0157128, -0.00286376, -0.0141366, -0.00262354, -0.0125291, -0.00235244, -0.0108871, -0.00204982, -0.00920637, -0.00171444, -0.00748178, -0.00134448, -0.00570707, -0.000937529, -0.00387473, -0.000490605, -0.00197592
3.92458, 0.844833, 0.62552, 0.363708, -0.870942, 0.0637079, -0.12674, -0.00664411, -0.0352821, 0.0904714, 3.93122, 0.880115, 0.535049, 0.3, -0.744202, 0.0637079, -0.12674, 0.0554663, -0.114797, 0.0480714, -0.10421, 0.0414522, -0.0949254, 0.035544, -0.0868949, 0.0302882, -0.0800743, 0.0256327, -0.0744274, 0.0215318, -0.0699281, 0.0175706, -0.0637818, 0.0140427, -0.0577653, 0.011058, -0.0529412, 0.00853242, -0.0490293, 0.0063964, -0.0458124, 0.004592, -0.0431221, 0.00307078, -0.0408281, 0.00179198, -0.0388289, 0.000721266, -0.0370465, -0.000170465, -0.0354204, -0.000907905, -0.0339041, -0.00151206, -0.0324623, -0.00200082, -0.0310679, -0.00238944, -0.0297008, -0.00269092, -0.0283458, -0.0029163, -0.0269918, -0.00307497, -0.0256307, -0.00317482, -0.0242568, -0.00322249, -0.0228658, -0.00322349, -0.0214546, -0.00318231, -0.020021, -0.00310256, -0.018563, -0.00298702, -0.0170787, -0.00283774, -0.0155659, -0.00265609, -0.0140223, -0.00244279, -0.0124448, -0.00219797, -0.0108295, -0.00192114, -0.00917175, -0.00161128, -0.0074658, -0.00126675, -0.00570468, -0.000885348, -0.00388011, -0.000464268, -0.0019824
3.93474, 0.851335, 0.611773, 0.369463, -0.894271, 0.0694632, -0.133155, -0.00945326, -0.0363161, 0.0942874, 3.94419, 0.887651, 0.517486, 0.3, -0.761116, 0.0694632, -0.133155, 0.0604514, -0.119812, 0.0523883, -0.108088, 0.0451933, -0.0979174, 0.0387932, -0.0892395, 0.0331223, -0.0820018, 0.0281226, -0.0761628, 0.0233385, -0.0686984, 0.0190856, -0.0615745, 0.0154741, -0.0559063, 0.0124045, -0.051356, 0.00979491, -0.0476614, 0.00757692, -0.0446189, 0.00569346, -0.0420703, 0.00409659, -0.0398927, 0.00274585, -0.0379909, 0.00160699, -0.036291, 0.000650926, -0.0347361, -0.000147105, -0.0332823, -0.000808238, -0.0318964, -0.00135053, -0.0305529, -0.00178942, -0.0292327, -0.00213809, -0.0279218, -0.0024078, -0.0266097, -0.00260812, -0.0252887, -0.00274717, -0.0239535, -0.00283178, -0.0226, -0.00286767, -0.0212251, -0.00285951, -0.0198266, -0.00281112, -0.0184024, -0.00272549, -0.0169502, -0.00260485, -0.0154677, -0.00245077, -0.0139521, -0.00226417, -0.0123997, -0.00204535, -0.0108063, -0.00179406, -0.00916651, -0.00150942, -0.00747395, -0.00119003, -0.0057209, -0.000833852, -0.00389827, -0.000438283, -0.00199548
3.94481, 0.857389, 0.597929, 0.375874, -0.917666, 0.0758741, -0.140164, -0.0124842, -0.0375642, 0.0986015, 3.95729, 0.894953, 0.499327, 0.3, -0.777501, 0.0758741, -0.140164, 0.0660061, -0.125328, 0.057203, -0.112422, 0.0493736, -0.101367, 0.0424352, -0.0920887, 0.0363146, -0.0845269, 0.0305018, -0.0753488, 0.0253426, -0.066773, 0.0209484, -0.0599904, 0.0172008, -0.0545895, 0.0140016, -0.0502506, 0.0112696, -0.046725, 0.00893669, -0.0438192, 0.00694583, -0.0413824, 0.00524891, -0.0392975, 0.00380517, -0.0374736, 0.00258004, -0.03584, 0.00154403, -0.0343426, 0.000671953, -0.0329393, -5.77242e-05, -0.0315985, -0.000663468, -0.0302958, -0.0011611, -0.0290131, -0.0015642, -0.027737, -0.00188436, -0.0264576, -0.0021315, -0.0251675, -0.00231406, -0.0238615, -0.00243917, -0.0225357, -0.00251284, -0.0211871, -0.00254002, -0.0198132, -0.00252478, -0.0184117, -0.00247036, -0.0169802, -0.00237925, -0.0155158, -0.00225323, -0.0140154, -0.00209346, -0.0124748, -0.00190046, -0.010889, -0.00167417, -0.00925219, -0.00141395, -0.00755708, -0.00111856, -0.00579515, -0.000786176, -0.0039564, -0.000414372, -0.00202923
3.95487, 0.863024, 0.583905, 0.382758, -0.941267, 0.0827585, -0.147891, -0.0156577, -0.0389882, 0.103332, 3.97053, 0.902012, 0.480573, 0.3, -0.793375, 0.0827585, -0.147891, 0.0719687, -0.131508, 0.0623742, -0.117423, 0.0538719, -0.105539, 0.0463695, -0.0957711, 0.0392849, -0.0843708, 0.0330047, -0.0738952, 0.0276442, -0.065644, 0.0230606, -0.0591121, 0.0191359, -0.0539065, 0.0157723, -0.0497212, 0.0128881, -0.0463176, 0.0104149, -0.0435097, 0.00829486, -0.0411523, 0.00647929, -0.0391326, 0.00492668, -0.0373627, 0.0036017, -0.0357745, 0.00247416, -0.0343157, 0.0015182, -0.0329458, 0.000711634, -0.031634, 3.53986e-05, -0.0303571, -0.000526893, -0.0290976, -0.000989322, -0.0278424, -0.00136398, -0.026582, -0.00166123, -0.0253094, -0.00188991, -0.0240193, -0.00205755, -0.0227079, -0.0021705, -0.0213721, -0.00223405, -0.0200091, -0.00225258, -0.0186165, -0.00222962, -0.0171914, -0.00216792, -0.0157305, -0.00206955, -0.0142301, -0.00193588, -0.0126855, -0.00176768, -0.011091, -0.0015651, -0.00943997, -0.00132771, -0.00772423, -0.00105447, -0.00593433, -0.00074374, -0.0040592, -0.000393247, -0.00208607
3.96547, 0.868514, 0.569189, 0.388863, -0.965325, 0.0888629, -0.156572, -0.0184234, -0.0403045, 0.107965, 3.9839, 0.908818, 0.461224, 0.3, -0.808753, 0.0888629, -0.156572, 0.0772281, -0.138755, 0.0669204, -0.123648, 0.0578259, -0.11114, 0.0492658, -0.0969113, 0.0416838, -0.0839776, 0.0352047, -0.0738044, 0.0296565, -0.0657714, 0.0248975, -0.0593958, 0.0208101, -0.0543008, 0.0172962, -0.0501924, 0.0142738, -0.0468408, 0.0116737, -0.0440665, 0.00943766, -0.0417291, 0.00751597, -0.0397194, 0.00586646, -0.0379524, 0.00445304, -0.0363619, 0.00324484, -0.0348971, 0.00221531, -0.0335188, 0.00134165, -0.032197, 0.00060422, -0.0309092, -1.39051e-05, -0.0296383, -0.000527295, -0.0283715, -0.00094849, -0.0270996, -0.00128827, -0.0258154, -0.00155585, -0.0245138, -0.00175911, -0.0231908, -0.00190471, -0.0218428, -0.00199826, -0.020467, -0.00204441, -0.0190603, -0.00204694, -0.0176193, -0.00200884, -0.0161403, -0.0019324, -0.0146188, -0.0018192, -0.0130493, -0.00167021, -0.0114253, -0.00148575, -0.00973914, -0.00126555, -0.00798169, -0.00100872, -0.00614234, -0.000713749, -0.00420875, -0.000378478, -0.0021668
3.97641, 0.873828, 0.554, 0.394629, -0.99114, 0.0946291, -0.167489, -0.0209893, -0.0415323, 0.112721, 3.99739, 0.91536, 0.44128, 0.3, -0.82365, 0.0946291, -0.167489, 0.0821899, -0.148266, 0.0712198, -0.132241, 0.0609096, -0.114308, 0.0517813, -0.0981118, 0.0439783, -0.0853629, 0.0372925, -0.0752951, 0.0315527, -0.0673116, 0.0266171, -0.0609465, 0.0223677, -0.0558351, 0.0187058, -0.0516921, 0.0155485, -0.048294, 0.0128257, -0.0454658, 0.0104782, -0.0430704, 0.00845522, -0.0410009, 0.00671384, -0.0391738, 0.00521709, -0.0375244, 0.00393329, -0.0360024, 0.00283519, -0.0345693, 0.00189931, -0.0331955, 0.00110541, -0.0318585, 0.000436022, -0.0305414, -0.000123934, -0.0292313, -0.00058745, -0.0279188, -0.00096571, -0.0265966, -0.00126832, -0.0252591, -0.00150348, -0.0239018, -0.00167819, -0.0225209, -0.00179833, -0.0211128, -0.0018688, -0.0196738, -0.00189364, -0.0181999, -0.00187607, -0.0166865, -0.00181857, -0.0151282, -0.00172292, -0.0135187, -0.00159026, -0.0118504, -0.00142107, -0.0101145, -0.00121523, -0.00830074, -0.00097195, -0.00639718, -0.000689835, -0.00439007, -0.000366804, -0.00226373
3.98753, 0.87894, 0.538499, 0.400433, -1.02019, 0.100433, -0.182107, -0.0234965, -0.0426879, 0.117759, 4.01102, 0.921627, 0.42074, 0.3, -0.838084, 0.100433, -0.182107, 0.087209, -0.161463, 0.0747801, -0.138581, 0.0637779, -0.11798, 0.0543761, -0.101722, 0.0463214, -0.0888564, 0.0394055, -0.078638, 0.0334564, -0.0704851, 0.028331, -0.0639419, 0.02391, -0.0586507, 0.0200931, -0.0543308, 0.0167961, -0.0507617, 0.0139474, -0.04777, 0.0114864, -0.0452199, 0.00936128, -0.0430049, 0.00752784, -0.0410419, 0.00594814, -0.0392659, 0.00458955, -0.0376266, 0.00342398, -0.036085, 0.00242721, -0.0346112, 0.00157832, -0.0331822, 0.000859228, -0.0317805, 0.000254329, -0.0303928, -0.000249861, -0.0290089, -0.000664961, -0.0276209, -0.00100097, -0.0262224, -0.00126645, -0.0248084, -0.0014687, -0.0233741, -0.00161391, -0.0219151, -0.00170725, -0.0204268, -0.001753, -0.0189043, -0.00175459, -0.017342, -0.00171472, -0.0157333, -0.00163536, -0.0140709, -0.0015178, -0.012346, -0.00136268, -0.0105485, -0.00117001, -0.0086668, -0.000939116, -0.0066875, -0.000668687, -0.00459531, -0.000324122, -0.00236847
3.99848, 0.883946, 0.522317, 0.406878, -1.05318, 0.106878, -0.201108, -0.0262999, -0.0436632, 0.122712, 4.02478, 0.92761, 0.399604, 0.3, -0.852069, 0.106878, -0.201108, 0.0918299, -0.171589, 0.078509, -0.14504, 0.0671346, -0.12402, 0.0573955, -0.107333, 0.0490361, -0.0940409, 0.0418461, -0.0834112, 0.0356506, -0.074868, 0.0303041, -0.0679587, 0.0256849, -0.0623273, 0.0216904, -0.0576929, 0.0182342, -0.0538345, 0.0152426, -0.0505779, 0.0126534, -0.0477857, 0.0104132, -0.0453502, 0.00847627, -0.0431867, 0.00680342, -0.0412287, 0.00536091, -0.0394247, 0.00411964, -0.0377343, 0.0030545, -0.0361262, 0.00214378, -0.0345763, 0.0013687, -0.0330659, 0.000713029, -0.0315804, 0.000162728, -0.0301086, -0.000294323, -0.0286414, -0.000668563, -0.0271715, -0.000968963, -0.0256925, -0.00120319, -0.0241987, -0.00137776, -0.0226845, -0.00149815, -0.0211442, -0.00156892, -0.0195717, -0.00159376, -0.0179603, -0.0015756, -0.0163022, -0.00151663, -0.0145887, -0.00141835, -0.0128099, -0.00128158, -0.0109543, -0.00110648, -0.00900893, -0.000892545, -0.00695891, -0.000572871, -0.00477851, -0.000285022, -0.00246122
4.00964, 0.888817, 0.505336, 0.412252, -1.06178, 0.112252, -0.214672, -0.0290132, -0.0444804, 0.127188, 4.03866, 0.933297, 0.378148, 0.3, -0.847106, 0.112252, -0.214672, 0.0960975, -0.183816, 0.0823255, -0.154646, 0.070546, -0.132835, 0.0604443, -0.115397, 0.0517613, -0.101401, 0.0442826, -0.0901176, 0.0378302, -0.0809718, 0.032255, -0.0735097, 0.0274323, -0.0673729, 0.0232565, -0.0622777, 0.0196387, -0.0580002, 0.0165032, -0.0543628, 0.0137854, -0.0512253, 0.0114303, -0.048477, 0.00939052, -0.0460305, 0.00762554, -0.0438169, 0.00610035, -0.0417821, 0.00478479, -0.0398838, 0.00365279, -0.0380885, 0.0026818, -0.0363702, 0.00185233, -0.0347085, 0.00114747, -0.0330871, 0.000552627, -0.0314931, 5.51636e-05, -0.029916, -0.000355819, -0.0283469, -0.000689699, -0.0267779, -0.000954515, -0.0252019, -0.00115712, -0.0236119, -0.00130329, -0.0220009, -0.00139786, -0.0203613, -0.0014448, -0.0186849, -0.00144724, -0.0169628, -0.00140761, -0.0151847, -0.00132759, -0.0133393, -0.00120818, -0.0114137, -0.0010497, -0.00939328, -0.000752124, -0.00724826, -0.000497276, -0.00497218, -0.000247401, -0.00255815
4.02057, 0.893483, 0.488007, 0.417544, -1.05712, 0.117544, -0.224157, -0.0320838, -0.0452043, 0.130781, 4.05266, 0.938687, 0.357226, 0.3, -0.832962, 0.117544, -0.224157, 0.10086, -0.193765, 0.0866079, -0.163843, 0.074395, -0.140984, 0.063903, -0.122876, 0.0548693, -0.108244, 0.0470762, -0.0963652, 0.0403419, -0.0866662, 0.0345144, -0.0786936, 0.0294656, -0.0720878, 0.0250875, -0.0665636, 0.0212883, -0.0618948, 0.0179902, -0.0579014, 0.0151264, -0.0544407, 0.0126402, -0.0513997, 0.0104825, -0.0486884, 0.00861135, -0.0462359, 0.00699044, -0.0439859, 0.00558849, -0.041894, 0.0043784, -0.039925, 0.00333673, -0.0380509, 0.0024432, -0.0362497, 0.00168019, -0.0345034, 0.00103246, -0.0327976, 0.000486812, -0.0311201, 3.1835e-05, -0.0294607, -0.000342317, -0.02781, -0.000644104, -0.0261594, -0.000880761, -0.0245007, -0.00105843, -0.0228253, -0.00118226, -0.0211243, -0.00125652, -0.0193882, -0.00128464, -0.0176066, -0.00126928, -0.0157679, -0.00121238, -0.0138594, -0.00111515, -0.0118667, -0.000843958, -0.00975567, -0.000625693, -0.00752009, -0.000413685, -0.00515298, -0.000205813, -0.00264842
4.03132, 0.897994, 0.469718, 0.422845, -1.04701, 0.122845, -0.228647, -0.0354427, -0.0457939, 0.132818, 4.06676, 0.943788, 0.3369, 0.3, -0.818364, 0.122845, -0.228647, 0.105703, -0.198725, 0.0910225, -0.169289, 0.0784132, -0.145739, 0.067556, -0.127405, 0.0581875, -0.112517, 0.0500885, -0.100367, 0.0430756, -0.0903927, 0.0369947, -0.0821498, 0.0317158, -0.0752834, 0.0271288, -0.0695115, 0.0231402, -0.0646098, 0.0196703, -0.0603994, 0.0166507, -0.056738, 0.0140231, -0.0535124, 0.0117372, -0.0506323, 0.00974953, -0.0480262, 0.00802279, -0.0456369, 0.0065246, -0.0434193, 0.00522694, -0.0413371, 0.00410552, -0.0393616, 0.00313925, -0.0374695, 0.00230985, -0.0356419, 0.00160142, -0.0338634, 0.00100018, -0.0321206, 0.000494179, -0.0304021, 7.30936e-05, -0.0286976, -0.000271996, -0.0269973, -0.000548745, -0.0252917, -0.000763684, -0.0235712, -0.000922333, -0.0218257, -0.00102929, -0.0200445, -0.00108831, -0.0182159, -0.00110236, -0.0163272, -0.00107365, -0.0143643, -0.000834712, -0.0122887, -0.000657968, -0.0100943, -0.000487804, -0.00777418, -0.000322518, -0.00532257, -0.000160457, -0.00273339
4.04196, 0.902229, 0.450668, 0.428146, -1.03186, 0.128146, -0.228568, -0.0390086, -0.0463752, 0.133499, 4.08097, 0.948604, 0.317169, 0.3, -0.803296, 0.128146, -0.228568, 0.110608, -0.199132, 0.0955432, -0.170197, 0.082568, -0.147121, 0.0713658, -0.12901, 0.061675, -0.11425, 0.0532765, -0.10216, 0.0459867, -0.0921995, 0.0396506, -0.0839361, 0.0341372, -0.0770266, 0.0293351, -0.071197, 0.0251495, -0.0662288, 0.0214993, -0.0619475, 0.018315, -0.0582139, 0.0155369, -0.0549169, 0.0131135, -0.051968, 0.0110004, -0.0492966, 0.00915903, -0.0468463, 0.00755616, -0.0445722, 0.00616287, -0.0424382, 0.00495404, -0.0404155, 0.00390783, -0.0384805, 0.00300525, -0.0366139, 0.00222976, -0.0347997, 0.00156697, -0.0330242, 0.00100439, -0.031275, 0.000531155, -0.0295412, 0.000137876, -0.0278121, -0.000183557, -0.0260774, -0.000440102, -0.0243265, -0.000637676, -0.0225484, -0.000781259, -0.0207312, -0.000874958, -0.0188623, -0.000922075, -0.0169278, -0.000720632, -0.0148846, -0.000589839, -0.012727, -0.000464945, -0.0104478, -0.000344701, -0.00804156, -0.000227903, -0.00550252, -0.000113385, -0.00282429
4.0525, 0.906028, 0.430983, 0.433536, -1.01125, 0.133536, -0.223506, -0.0427706, -0.0471158, 0.13295, 4.09527, 0.953144, 0.298033, 0.3, -0.787742, 0.133536, -0.223506, 0.115647, -0.194564, 0.100229, -0.166216, 0.0869065, -0.144812, 0.0753699, -0.127412, 0.0653608, -0.113205, 0.0566621, -0.101546, 0.0490909, -0.0919204, 0.0424926, -0.0839187, 0.0367358, -0.0772135, 0.0317086, -0.0715433, 0.0273152, -0.0666994, 0.0234736, -0.0625151, 0.0201134, -0.0588573, 0.0171738, -0.0556195, 0.0146022, -0.0527169, 0.0123532, -0.0500818, 0.0103875, -0.0476601, 0.00867067, -0.0454085, 0.00717309, -0.0432923, 0.00586878, -0.0412833, 0.00473515, -0.0393589, 0.00375247, -0.0375, 0.00290353, -0.0356906, 0.00217333, -0.0339171, 0.00154877, -0.032167, 0.00101843, -0.0304289, 0.000572402, -0.0286917, 0.000202077, -0.0269445, -9.99681e-05, -0.025176, -0.000340094, -0.0233744, -0.000523698, -0.021527, -0.000655286, -0.0196201, -0.000496938, -0.017606, -0.00041707, -0.015479, -0.000341373, -0.013232, -0.00026909, -0.0108599, -0.000199498, -0.00835696, -0.000131901, -0.00571717, -6.56222e-05, -0.0029339
4.06345, 0.909491, 0.410796, 0.438063, -0.985931, 0.138063, -0.214244, -0.0461933, -0.0479224, 0.131303, 4.10965, 0.957414, 0.279493, 0.3, -0.771687, 0.138063, -0.214244, 0.119945, -0.186007, 0.104277, -0.160073, 0.0906961, -0.140023, 0.0788998, -0.123709, 0.0686354, -0.110376, 0.0596898, -0.099424, 0.0518826, -0.0903718, 0.0450606, -0.0828363, 0.0390931, -0.0765116, 0.0338686, -0.0711529, 0.0292914, -0.0665649, 0.025279, -0.0625914, 0.0217606, -0.0591077, 0.0186747, -0.0560144, 0.0159683, -0.053232, 0.0135951, -0.0506973, 0.0115151, -0.0483595, 0.00969337, -0.0461783, 0.00809943, -0.044121, 0.0067067, -0.0421614, 0.00549194, -0.0402778, 0.00443481, -0.0384523, 0.00351753, -0.0366695, 0.00272451, -0.0349159, 0.00204213, -0.0331795, 0.00145847, -0.0314485, 0.000963122, -0.0297117, 0.000547013, -0.0279578, 0.000202279, -0.0261748, -7.78666e-05, -0.0243503, -0.000299222, -0.0224708, -0.000186069, -0.0204835, -0.000158929, -0.018383, -0.000133382, -0.0161621, -0.000109171, -0.0138159, -8.6053e-05, -0.011339, -6.37968e-05, -0.00872566, -4.21794e-05, -0.00596939, -2.09916e-05, -0.00306341
4.07502, 0.91301, 0.389686, 0.441092, -0.9567, 0.141092, -0.201586, -0.0490805, -0.0484104, 0.128138, 4.1241, 0.96142, 0.261548, 0.3, -0.755114, 0.141092, -0.201586, 0.122944, -0.173798, 0.107197, -0.151085, 0.0935044, -0.132756, 0.0815761, -0.117842, 0.0711674, -0.105654, 0.0620711, -0.0956406, 0.0541114, -0.0873615, 0.0471382, -0.0804653, 0.0410233, -0.0746712, 0.0356566, -0.0697549, 0.0309434, -0.0655371, 0.0268021, -0.0618748, 0.023162, -0.0586538, 0.0199618, -0.0557832, 0.0171484, -0.0531905, 0.0146754, -0.050818, 0.0125026, -0.0486196, 0.0105946, -0.0465585, 0.00892066, -0.0446051, 0.00745384, -0.0427352, 0.00617048, -0.0409291, 0.00504984, -0.0391701, 0.00407372, -0.0374439, 0.00322615, -0.0357377, 0.00249308, -0.0340396, 0.0018622, -0.0323383, 0.0013227, -0.0306223, 0.000865126, -0.02888, 0.000481233, -0.0270992, 0.000163861, -0.0252667, 0.000225749, -0.023325, 0.000195322, -0.0212691, 0.000166844, -0.0190916, 0.000140033, -0.016788, 0.00011462, -0.0143533, 9.03515e-05, -0.0117819, 6.69857e-05, -0.00906782, 4.4289e-05, -0.00620433, 2.20282e-05, -0.00318441
4.08684, 0.916553, 0.368216, 0.443435, -0.923759, 0.143435, -0.185752, -0.0517845, -0.0486182, 0.124018, 4.13863, 0.965171, 0.244198, 0.3, -0.738007, 0.143435, -0.185752, 0.12535, -0.16059, 0.109606, -0.140275, 0.0958757, -0.123826, 0.0838795, -0.110457, 0.0733823, -0.0995439, 0.064184, -0.090587, 0.0561142, -0.0831876, 0.0490267, -0.0770271, 0.0427962, -0.071851, 0.037315, -0.0674563, 0.0324899, -0.0636809, 0.0282402, -0.0603957, 0.0244962, -0.0574977, 0.021197, -0.0549053, 0.0182897, -0.0525534, 0.0157281, -0.0503905, 0.0134719, -0.0483752, 0.0114857, -0.0464749, 0.00973852, -0.0446631, 0.00820318, -0.0429182, 0.00685576, -0.0412225, 0.00567525, -0.0395609, 0.00464312, -0.0379201, 0.00374305, -0.0362882, 0.00296068, -0.0346538, 0.00228333, -0.0330058, 0.00169984, -0.0313329, 0.00120039, -0.0296233, 0.000776375, -0.0278644, 0.00077485, -0.0259944, 0.000676841, -0.0240086, 0.000585597, -0.0218999, 0.000500207, -0.0196642, 0.000419817, -0.0172969, 0.000343624, -0.0147927, 0.000270866, -0.0121459, 0.000200815, -0.00935039, 0.000132772, -0.00639925, 6.60502e-05, -0.00328521
4.09936, 0.920713, 0.345067, 0.443752, -0.8861, 0.143752, -0.165749, -0.0538513, -0.04796, 0.117623, 4.15321, 0.968673, 0.227443, 0.3, -0.720351, 0.143752, -0.165749, 0.125994, -0.143791, 0.110487, -0.126106, 0.0969218, -0.111824, 0.0850361, -0.100251, 0.0746068, -0.0908318, 0.0654435, -0.0831244, 0.0573834, -0.0767753, 0.0502866, -0.0715022, 0.0440325, -0.0670801, 0.0385172, -0.0633295, 0.0336504, -0.0601077, 0.0293538, -0.057301, 0.0255595, -0.0548193, 0.022208, -0.0525913, 0.0192476, -0.0505604, 0.0166328, -0.0486819, 0.014324, -0.0469201, 0.0122861, -0.0452468, 0.0104885, -0.0436393, 0.00890427, -0.042079, 0.0075095, -0.0405506, 0.00628323, -0.0390407, 0.00520688, -0.0375375, 0.00426405, -0.0360303, 0.00344023, -0.0345084, 0.00272256, -0.0329613, 0.00209967, -0.031378, 0.00156153, -0.0297468, 0.00148015, -0.0280031, 0.00130239, -0.0261431, 0.00113765, -0.0241599, 0.000984278, -0.0220499, 0.000840749, -0.019809, 0.000705627, -0.0174326, 0.00057756, -0.0149156, 0.000455267, -0.0122521, 0.000337526, -0.00943597, 0.00022316, -0.0064603, 0.00011102, -0.00331777
4.11191, 0.924968, 0.320517, 0.443514, -0.841357, 0.143514, -0.139227, -0.0559458, -0.0469675, 0.109232, 4.16786, 0.971935, 0.211284, 0.3, -0.70213, 0.143514, -0.139227, 0.126197, -0.121059, 0.111022, -0.106532, 0.0977045, -0.0948943, 0.0859981, -0.0855471, 0.0756944, -0.0780118, 0.0666146, -0.0719065, 0.0586047, -0.0669273, 0.0515322, -0.0628318, 0.0452822, -0.0594274, 0.0397554, -0.056561, 0.0348654, -0.0541116, 0.0305368, -0.0519832, 0.026704, -0.0501005, 0.0233094, -0.048404, 0.0203027, -0.0468472, 0.0176397, -0.0453935, 0.0152815, -0.0440143, 0.013194, -0.0426868, 0.0113468, -0.041393, 0.00971343, -0.0401183, 0.00827025, -0.0388502, 0.00699638, -0.0375783, 0.00587332, -0.0362927, 0.00488464, -0.0349844, 0.00401574, -0.033644, 0.00325363, -0.0322622, 0.00258677, -0.0308288, 0.0024014, -0.0292782, 0.00212495, -0.0276077, 0.00186974, -0.0258109, 0.00163323, -0.023885, 0.00141304, -0.0218265, 0.00120699, -0.0196317, 0.00101301, -0.0172959, 0.00082915, -0.0148142, 0.000653585, -0.012181, 0.000484555, -0.00939003, 0.00032037, -0.00643458, 0.000159384, -0.00330734
4.12527, 0.929069, 0.294809, 0.441477, -0.790158, 0.141477, -0.106828, -0.057276, -0.0458957, 0.099088, 4.18255, 0.974965, 0.195721, 0.3, -0.68333, 0.141477, -0.106828, 0.124819, -0.0930719, 0.110169, -0.0822557, 0.097266, -0.0737546, 0.0858864, -0.0670708, 0.075838, -0.0618083, 0.0669553, -0.0576521, 0.0590956, -0.0543524, 0.0521352, -0.051711, 0.0459668, -0.0495717, 0.0404968, -0.0478113, 0.0356436, -0.0463332, 0.031336, -0.045062, 0.0275115, -0.0439392, 0.0241152, -0.0429193, 0.0210988, -0.0419675, 0.01842, -0.0410571, 0.0160413, -0.0401676, 0.0139294, -0.039283, 0.0120552, -0.038391, 0.0103927, -0.0374817, 0.00891874, -0.0365467, 0.00761289, -0.0355789, 0.00645692, -0.0345711, 0.00543454, -0.0335166, 0.00453125, -0.0324079, 0.00373407, -0.0312371, 0.00343423, -0.0299397, 0.00305232, -0.0285138, 0.00270092, -0.0269542, 0.00237654, -0.0252588, 0.00207592, -0.0234252, 0.00179605, -0.0214503, 0.00153414, -0.0193303, 0.00128758, -0.0170611, 0.00105389, -0.0146379, 0.000830737, -0.0120552, 0.000615892, -0.00930706, 0.000407205, -0.00638676, 0.000202586, -0.00328716
4.13914, 0.932735, 0.269325, 0.438639, -0.736186, 0.138639, -0.0722496, -0.0581458, -0.0450351, 0.0885724, 4.19728, 0.97777, 0.180753, 0.3, -0.663936, 0.138639, -0.0722496, 0.122713, -0.0630537, 0.108656, -0.0561002, 0.0962315, -0.0508856, 0.0852363, -0.0470111, 0.0754956, -0.044161, 0.066858, -0.0420859, 0.0591919, -0.0405894, 0.0523831, -0.0395176, 0.0463318, -0.0387505, 0.0409509, -0.038195, 0.0361638, -0.0377794, 0.0319036, -0.0374492, 0.0281113, -0.0371631, 0.0247349, -0.0368903, 0.0217284, -0.0366081, 0.0190515, -0.0362999, 0.0166681, -0.0359538, 0.0145465, -0.0355613, 0.0126583, -0.0351158, 0.0109784, -0.0346128, 0.00948437, -0.0340481, 0.00815624, -0.0334181, 0.00697609, -0.0327187, 0.00592791, -0.0319455, 0.00499733, -0.0310933, 0.00457286, -0.0300999, 0.00407851, -0.0289649, 0.00362494, -0.0276841, 0.00320762, -0.0262565, 0.00282238, -0.0246807, 0.00246536, -0.0229546, 0.00213299, -0.0210754, 0.00182195, -0.0190398, 0.00152913, -0.0168439, 0.0012516, -0.0144831, 0.000986582, -0.0119521, 0.000731431, -0.00924515, 0.000483595, -0.00635572, 0.000240592, -0.00327675
4.15432, 0.936357, 0.244107, 0.433462, -0.682399, 0.133462, -0.0384633, -0.0577376, -0.0440011, 0.0777274, 4.21206, 0.980358, 0.16638, 0.3, -0.643935, 0.133462, -0.0384633, 0.118484, -0.0336744, 0.105216, -0.0304578, 0.0934491, -0.0284262, 0.0830024, -0.027275, 0.0737191, -0.0267651, 0.0654627, -0.02671, 0.0581142, -0.0269651, 0.0515697, -0.0274188, 0.045738, -0.0279862, 0.040539, -0.0286035, 0.0359025, -0.0292231, 0.0317663, -0.0298106, 0.0280757, -0.0303416, 0.0247822, -0.0307994, 0.0218429, -0.031173, 0.0192198, -0.0314559, 0.0168789, -0.0316443, 0.0147902, -0.0317368, 0.0129269, -0.0317327, 0.0112649, -0.0316323, 0.00978289, -0.0314357, 0.00846154, -0.0311425, 0.00728364, -0.0307516, 0.00623367, -0.030261, 0.00568812, -0.0296124, 0.00508729, -0.0288071, 0.00453732, -0.0278421, 0.00403273, -0.0267177, 0.00356846, -0.0254336, 0.00313988, -0.0239887, 0.0027427, -0.0223812, 0.00237294, -0.020609, 0.00202691, -0.0186689, 0.00170114, -0.0165574, 0.00139239, -0.0142702, 0.00109756, -0.0118023, 0.000813711, -0.00914799, 0.000537995, -0.006301, 0.000267658, -0.00325439
4.17096, 0.93961, 0.218908, 0.425666, -0.626389, 0.125666, -0.00307326, -0.0559108, -0.043128, 0.0663061, 4.22687, 0.982738, 0.152602, 0.3, -0.623315, 0.125666, -0.00307326, 0.111887, -0.00283745, 0.0996356, -0.0034949, 0.0887324, -0.00477331, 0.0790202, -0.00646204, 0.0703624, -0.00839921, 0.0626392, -0.0104616, 0.0557458, -0.0125567, 0.0495898, -0.0146163, 0.0440901, -0.0165913, 0.0391749, -0.0184475, 0.034781, -0.0201624, 0.0308524, -0.0217224, 0.0273392, -0.0231203, 0.0241973, -0.0243542, 0.0213874, -0.0254253, 0.0188747, -0.0263374, 0.0166278, -0.0270954, 0.0146189, -0.0277051, 0.012823, -0.0281722, 0.0112177, -0.0285019, 0.00978297, -0.0286986, 0.00850069, -0.0287656, 0.00735453, -0.0287048, 0.00669913, -0.0284638, 0.0060048, -0.0280458, 0.00537051, -0.0274494, 0.00478992, -0.0266763, 0.00425724, -0.0257275, 0.00376712, -0.0246029, 0.00331468, -0.0233023, 0.00289538, -0.0218244, 0.00250504, -0.0201674, 0.00213974, -0.0183285, 0.00179584, -0.0163046, 0.00146991, -0.0140916, 0.00115866, -0.0116849, 0.00085901, -0.00907892, 0.000567945, -0.00626753, 0.000282558, -0.00324393
4.18865, 0.942666, 0.194376, 0.416113, -0.570932, 0.116113, 0.031134, -0.0530618, -0.0422527, 0.054956, 4.24171, 0.984918, 0.13942, 0.3, -0.602065, 0.116113, 0.031134, 0.103678, 0.0270734, 0.0925807, 0.0227507, 0.082669, 0.0183326, 0.0738101, 0.0139431, 0.0658878, 0.00967312, 0.0587994, 0.00558702, 0.0524544, 0.00172879, 0.0467729, -0.00187361, 0.041684, -0.00520458, 0.0371249, -0.00825786, 0.0330398, -0.0110342, 0.0293792, -0.0135395, 0.0260988, -0.0157831, 0.0231591, -0.0177765, 0.020525, -0.0195328, 0.0181649, -0.0210652, 0.0160505, -0.022387, 0.0141567, -0.0235107, 0.0124604, -0.0244478, 0.0109414, -0.0252083, 0.00958098, -0.0258007, 0.00836247, -0.0262316, 0.00760639, -0.0264567, 0.00683017, -0.0264813, 0.00612225, -0.0263058, 0.00547556, -0.0259336, 0.00488361, -0.0253669, 0.00434051, -0.0246073, 0.0038408, -0.0236556, 0.00337951, -0.0225121, 0.00295201, -0.0211759, 0.00255403, -0.0196457, 0.00218159, -0.0179194, 0.00183097, -0.0159939, 0.00149865, -0.0138656, 0.00118132, -0.0115302, 0.00087581, -0.00898228, 0.000579052, -0.00621595, 0.000288085, -0.00322453
4.2071, 0.945575, 0.170286, 0.40524, -0.514908, 0.10524, 0.0652685, -0.0494741, -0.0413322, 0.0434528, 4.25658, 0.986907, 0.126833, 0.3, -0.580177, 0.10524, 0.0652685, 0.0942634, 0.0570979, 0.0844262, 0.0492535, 0.0756055, 0.0418052, 0.0676927, 0.0347976, 0.0605918, 0.0282558, 0.0542175, 0.0221898, 0.0484942, 0.0165986, 0.0433544, 0.0114725, 0.0387381, 0.00679591, 0.0345916, 0.00254888, 0.0308672, -0.00129127, 0.0275219, -0.00474873, 0.0245175, -0.00784832, 0.0218195, -0.0106147, 0.0193972, -0.0130716, 0.0172226, -0.0152417, 0.0152709, -0.017146, 0.0135195, -0.0188035, 0.011948, -0.0202311, 0.0105381, -0.0214436, 0.00927306, -0.0224533, 0.00842177, -0.0232269, 0.00757321, -0.0237722, 0.00680037, -0.024092, 0.00609554, -0.0241913, 0.00545166, -0.0240739, 0.0048623, -0.0237433, 0.00432156, -0.0232016, 0.00382404, -0.0224505, 0.00336476, -0.0214907, 0.00293912, -0.0203222, 0.00254288, -0.0189439, 0.00217207, -0.0173544, 0.00182297, -0.0155511, 0.00149211, -0.0135307, 0.00117617, -0.0112891, 0.000871985, -0.00882145, 0.000576524, -0.00612191, 0.000286828, -0.00318406
4.22607, 0.948256, 0.146798, 0.393567, -0.458203, 0.0935665, 0.0994384, -0.0454013, -0.0404571, 0.0319568, 4.27147, 0.988713, 0.114842, 0.3, -0.557641, 0.0935665, 0.0994384, 0.0841083, 0.0873497, 0.0755907, 0.0761294, 0.0679185, 0.0657605, 0.0610068, 0.0562153, 0.0547796, 0.0474592, 0.0491688, 0.0394527, 0.0441134, 0.0321533, 0.0395585, 0.0255168, 0.035455, 0.0194988, 0.0317584, 0.014055, 0.0284291, 0.00914246, 0.0254312, 0.00471971, 0.0227322, 0.000747532, 0.0203031, -0.00281091, 0.0181175, -0.00598976, 0.0161516, -0.00882031, 0.0143838, -0.0113309, 0.0127946, -0.0135468, 0.0113662, -0.0154901, 0.0100825, -0.0171799, 0.00914068, -0.0185978, 0.00822922, -0.0197543, 0.00740005, -0.0206549, 0.00664488, -0.0213066, 0.00595616, -0.0217153, 0.00532701, -0.021886, 0.00475112, -0.0218228, 0.00422275, -0.021529, 0.0037366, -0.021007, 0.00328782, -0.020258, 0.00287192, -0.0192829, 0.00248473, -0.0180813, 0.0021224, -0.0166521, 0.00178129, -0.0149933, 0.00145799, -0.0131022, 0.00114927, -0.0109749, 0.000852045, -0.00860695, 0.00056334, -0.00599287, 0.000280269, -0.00312646
4.24533, 0.95078, 0.123898, 0.381461, -0.400773, 0.081461, 0.133681, -0.0410454, -0.0395646, 0.0204527, 4.28638, 0.990345, 0.103446, 0.3, -0.534454, 0.081461, 0.133681, 0.0735477, 0.117888, 0.0663786, 0.103457, 0.0598853, 0.0902932, 0.0540054, 0.0783043, 0.0486823, 0.0674023, 0.0438646, 0.0575032, 0.0395056, 0.0485272, 0.0355629, 0.040399, 0.0319978, 0.0330477, 0.0287756, 0.0264069, 0.0258642, 0.020415, 0.0232349, 0.0150148, 0.0208614, 0.0101537, 0.0187198, 0.00578361, 0.0167885, 0.00186076, 0.0150475, -0.00165423, 0.013479, -0.00479655, 0.0120665, -0.00759724, 0.0107949, -0.0100834, 0.00976554, -0.0122556, 0.00880004, -0.0141274, 0.00792254, -0.0157078, 0.00712427, -0.0170059, 0.00639724, -0.0180299, 0.00573419, -0.0187869, 0.00512848, -0.0192829, 0.00457405, -0.0195232, 0.00406537, -0.0195119, 0.00359734, -0.0192522, 0.00316529, -0.0187465, 0.00276488, -0.0179961, 0.00239213, -0.0170014, 0.0020433, -0.0157619, 0.0017149, -0.0142763, 0.00140365, -0.0125423, 0.00110644, -0.0105566, 0.00082029, -0.0083151, 0.000542345, -0.00581267, 0.000269824, -0.00304347
4.26505, 0.953108, 0.101598, 0.368679, -0.342584, 0.0686787, 0.168028, -0.0362611, -0.0387027, 0.00895343, 4.30131, 0.991811, 0.0926448, 0.3, -0.510612, 0.0686787, 0.168028, 0.0623611, 0.148721, 0.0565913, 0.131226, 0.0513263, 0.115379, 0.046526, 0.10103, 0.0421527, 0.0880438, 0.0381716, 0.0762958, 0.0345501, 0.0656724, 0.0312582, 0.0560697, 0.028268, 0.0473929, 0.0255539, 0.0395554, 0.0230923, 0.0324782, 0.0208612, 0.0260898, 0.0188408, 0.020325, 0.0170127, 0.0151253, 0.0153598, 0.0104382, 0.0138667, 0.00621647, 0.012519, 0.00241872, 0.0113037, -0.000991571, 0.0101991, -0.0040388, 0.00919779, -0.00674005, 0.00828842, -0.00910816, 0.00746194, -0.0111549, 0.00671007, -0.0128909, 0.00602531, -0.0143257, 0.00540081, -0.0154676, 0.00483031, -0.0163239, 0.00430812, -0.016901, 0.00382901, -0.0172039, 0.00338819, -0.017237, 0.00298125, -0.0170035, 0.00260413, -0.0165054, 0.00225305, -0.0157442, 0.0019245, -0.0147199, 0.00161519, -0.0134318, 0.00132204, -0.0118783, 0.00104211, -0.0100566, 0.000772596, -0.00796312, 0.000510811, -0.00559312, 0.000254136, -0.00294115
4.28497, 0.95505, 0.0799681, 0.355678, -0.282803, 0.0556781, 0.203313, -0.0312829, -0.0380698, -0.00247131, 4.31625, 0.99312, 0.0824394, 0.3, -0.486117, 0.0556781, 0.203313, 0.0509656, 0.180589, 0.0466077, 0.160092, 0.0425861, 0.141599, 0.0388819, 0.124907, 0.035476, 0.109838, 0.0323493, 0.0962295, 0.0294833, 0.0839382, 0.02686, 0.0728336, 0.0244621, 0.0627987, 0.0222732, 0.0537279, 0.0202778, 0.0455263, 0.0184612, 0.0381085, 0.0168096, 0.0313979, 0.0153101, 0.0253259, 0.0139507, 0.0198313, 0.0127202, 0.0148601, 0.0116079, 0.0103646, 0.0104397, 0.00629109, 0.00942056, 0.00261842, 0.00849565, -0.000670895, 0.0076557, -0.00359165, 0.0068923, -0.00615734, 0.00619783, -0.0083802, 0.00556535, -0.0102712, 0.00498851, -0.0118403, 0.00446157, -0.0130959, 0.00397924, -0.0140457, 0.0035367, -0.014696, 0.00312953, -0.0150522, 0.00275366, -0.0151183, 0.00240533, -0.0148976, 0.00208105, -0.0143921, 0.00177758, -0.0136029, 0.00149189, -0.0125299, 0.00122111, -0.0111721, 0.00096255, -0.00952729, 0.000713614, -0.00759243, 0.000471815, -0.00536328, 0.000234735, -0.00283477
4.30487, 0.956284, 0.0593293, 0.342964, -0.221133, 0.0429643, 0.239838, -0.0263404, -0.0379969, -0.0135002, 4.33121, 0.994281, 0.0728294, 0.3, -0.46097, 0.0429643, 0.239838, 0.039815, 0.213729, 0.0368357, 0.190239, 0.0340311, 0.169087, 0.0314025, 0.150025, 0.0289479, 0.132834, 0.0266637, 0.117319, 0.0245444, 0.103308, 0.0225836, 0.0906458, 0.0207742, 0.0791947, 0.0191088, 0.0688314, 0.0175796, 0.0594456, 0.0161788, 0.050939, 0.0148989, 0.0432236, 0.0137324, 0.0362214, 0.012672, 0.0298631, 0.0117107, 0.0240877, 0.0104893, 0.0188062, 0.0094701, 0.0139926, 0.00854562, 0.00962403, 0.00770661, 0.00568206, 0.00694466, 0.00214985, 0.00625217, -0.000988051, 0.0056222, -0.0037457, 0.00504845, -0.00613581, 0.00452519, -0.00816981, 0.00404718, -0.00985782, 0.00360965, -0.0112087, 0.00320822, -0.0122303, 0.00283886, -0.0129289, 0.0024979, -0.0133098, 0.00218192, -0.0133773, 0.00188776, -0.0131343, 0.00161248, -0.0125827, 0.00135332, -0.0117232, 0.00110769, -0.0105554, 0.000873148, -0.00907787, 0.000647333, -0.00728789, 0.000427992, -0.0051817, 0.000212934, -0.00275462
4.32362, 0.95686, 0.0406518, 0.33286, -0.160842, 0.0328596, 0.274338, -0.0225509, -0.0384435, -0.023163, 4.34617, 0.995303, 0.0638148, 0.3, -0.43518, 0.0328596, 0.274338, 0.0309868, 0.245235, 0.0291351, 0.21907, 0.0273274, 0.195519, 0.0255809, 0.174298, 0.0239077, 0.155158, 0.0223162, 0.137877, 0.0208118, 0.122259, 0.0193974, 0.10813, 0.0180744, 0.0953352, 0.0168426, 0.0837367, 0.0157007, 0.0732117, 0.0146468, 0.0636508, 0.0136784, 0.0549569, 0.0127925, 0.0470439, 0.0119862, 0.0398356, 0.0106871, 0.0332032, 0.00965266, 0.0271152, 0.00871477, 0.0215425, 0.00786402, 0.0164627, 0.00709193, 0.0118551, 0.00639075, 0.00770087, 0.00575349, 0.00398241, 0.00517376, 0.000683815, 0.00464578, -0.00220941, 0.00416425, -0.00471034, 0.00372437, -0.00683062, 0.00332173, -0.00858059, 0.00295232, -0.00996924, 0.00261243, -0.0110043, 0.00229866, -0.0116921, 0.00200788, -0.0120378, 0.00173718, -0.0120454, 0.00148386, -0.0117175, 0.00124537, -0.0110557, 0.00101934, -0.0100601, 0.000803501, -0.00872979, 0.000595699, -0.00706263, 0.000393853, -0.00505522, 0.000195949, -0.00270316
4.34077, 0.956945, 0.0241681, 0.326303, -0.103473, 0.0263027, 0.305283, -0.020378, -0.0392499, -0.0312274, 4.36115, 0.996194, 0.0553955, 0.3, -0.408756, 0.0263027, 0.305283, 0.025327, 0.273714, 0.0242682, 0.245317, 0.0231621, 0.219742, 0.0220366, 0.196679, 0.0209138, 0.175857, 0.0198107, 0.157035, 0.0187402, 0.140003, 0.0177121, 0.12457, 0.0167336, 0.11057, 0.0158099, 0.0978547, 0.0149446, 0.086291, 0.0141399, 0.0757617, 0.0133974, 0.0661627, 0.0127175, 0.0574019, 0.0112901, 0.0493064, 0.0102008, 0.0418385, 0.0092134, 0.0349625, 0.00831818, 0.0286517, 0.00750615, 0.0228814, 0.00676919, 0.0176287, 0.00609992, 0.0128725, 0.00549166, 0.00859336, 0.00493831, 0.00477345, 0.00443435, 0.00139655, 0.00397474, -0.00155199, 0.00355488, -0.00408536, 0.00317056, -0.00621524, 0.00281796, -0.00795191, 0.00249353, -0.00930422, 0.00219405, -0.0102797, 0.0019165, -0.0108844, 0.00165812, -0.0111231, 0.00141633, -0.0109994, 0.00118869, -0.0105153, 0.000972948, -0.0096717, 0.000766933, -0.00846817, 0.000568588, -0.00690294, 0.000375929, -0.00497295, 0.000187032, -0.00267409
4.35568, 0.956932, 0.00956005, 0.324429, -0.0492787, 0.0244289, 0.332434, -0.020448, -0.040032, -0.0380115, 4.37613, 0.996964, 0.0475716, 0.3, -0.381713, 0.0244289, 0.332434, 0.0238723, 0.298969, 0.0231821, 0.268826, 0.0224003, 0.241638, 0.0215602, 0.217084, 0.0206889, 0.19488, 0.0198078, 0.174776, 0.0189337, 0.156549, 0.0180802, 0.140002, 0.0172576, 0.124961, 0.0164743, 0.111269, 0.0157364, 0.0987888, 0.015049, 0.0873978, 0.0144156, 0.0769873, 0.0127599, 0.067336, 0.0115319, 0.0584002, 0.0104192, 0.0501365, 0.00941067, 0.0425139, 0.00849629, 0.0355034, 0.00766687, 0.029078, 0.00691413, 0.0232129, 0.00623053, 0.0178847, 0.00560924, 0.0130722, 0.00504405, 0.00875586, 0.0045293, 0.00491782, 0.00405984, 0.00154187, 0.00363099, -0.00138657, 0.00323845, -0.00388051, 0.00287829, -0.00595142, 0.00254692, -0.00760929, 0.00224102, -0.0088626, 0.00195753, -0.00971842, 0.00169362, -0.0101824, 0.00144665, -0.0102586, 0.00121414, -0.00995008, 0.000993779, -0.00925809, 0.000783353, -0.00818272, 0.000580761, -0.00672264, 0.000383977, -0.00487512, 0.000191036, -0.00263631
4.36811, 0.957041, -0.00352079, 0.327674, 0.00196807, 0.0276741, 0.356038, -0.0230029, -0.0405801, -0.0438638, 4.39111, 0.997621, 0.040343, 0.3, -0.35407, 0.0276741, 0.356038, 0.0270274, 0.3212, 0.0262518, 0.289757, 0.0253888, 0.261341, 0.024472, 0.235626, 0.0235284, 0.212325, 0.0225798, 0.191183, 0.0216436, 0.171975, 0.0207335, 0.1545, 0.0198607, 0.13858, 0.0190339, 0.124055, 0.0182602, 0.110784, 0.0175452, 0.0986441, 0.0155169, 0.0873604, 0.0140267, 0.0768825, 0.0126767, 0.0671596, 0.0114536, 0.058156, 0.010345, 0.0498382, 0.0093398, 0.0421751, 0.00842804, 0.0351376, 0.00760056, 0.0286988, 0.0068491, 0.0228337, 0.00616613, 0.0175192, 0.00554482, 0.0127343, 0.00497897, 0.00845944, 0.00446291, 0.00467714, 0.00399148, 0.00137146, 0.00355997, -0.00147182, 0.00316406, -0.00386533, 0.00279979, -0.00582008, 0.00246352, -0.00734555, 0.00215188, -0.00844965, 0.00186177, -0.00913883, 0.00159028, -0.00941802, 0.00133469, -0.00929068, 0.00109244, -0.00875881, 0.000861127, -0.00782297, 0.000638421, -0.00648225, 0.0004221, -0.00473429, 0.000210003, -0.00257555
4.37875, 0.957497, -0.0157145, 0.334687, 0.0510781, 0.0346874, 0.376929, -0.0273548, -0.0406776, -0.0494242, 4.4061, 0.998174, 0.0337098, 0.3, -0.32585, 0.0346874, 0.376929, 0.0335852, 0.341121, 0.0323975, 0.308729, 0.0311613, 0.27939, 0.0299068, 0.252782, 0.0286577, 0.228618, 0.0274333, 0.206646, 0.0262489, 0.186639, 0.0251168, 0.168397, 0.0240467, 0.151741, 0.0230466, 0.136512, 0.0221227, 0.122568, 0.0195759, 0.109581, 0.0176991, 0.0974918, 0.0159993, 0.0862423, 0.0144595, 0.0757918, 0.0130644, 0.0661022, 0.0117998, 0.0571382, 0.0106533, 0.0488665, 0.00961333, 0.0412562, 0.00866948, 0.0342786, 0.00781234, 0.027907, 0.00703332, 0.0221169, 0.00632464, 0.0168857, 0.00567921, 0.0121924, 0.00509057, 0.00801836, 0.00455284, 0.0043463, 0.00406064, 0.00116088, 0.00360905, -0.00155157, 0.00319355, -0.00380308, 0.00280999, -0.00560402, 0.00245453, -0.0069632, 0.00212361, -0.00788782, 0.00181394, -0.00838355, 0.0015224, -0.0084545, 0.00124609, -0.00810329, 0.000982238, -0.007331, 0.00072821, -0.00613721, 0.000481465, -0.00451999, 0.000239537, -0.00247616
4.3877, 0.957783, -0.0261467, 0.345462, 0.0963765, 0.0454624, 0.393459, -0.0333944, -0.0408489, -0.0538186, 4.42109, 0.998632, 0.0276719, 0.3, -0.297082, 0.0454624, 0.393459, 0.0435227, 0.357104, 0.0415818, 0.324139, 0.0396681, 0.294212, 0.0378039, 0.267009, 0.0360071, 0.242251, 0.0342912, 0.219689, 0.0326672, 0.199102, 0.0311434, 0.180292, 0.0297264, 0.163082, 0.0284216, 0.147316, 0.0251894, 0.132607, 0.0227778, 0.11889, 0.0205941, 0.106098, 0.0186163, 0.0941859, 0.0168247, 0.0831105, 0.0152013, 0.0728322, 0.0137299, 0.0633138, 0.0123959, 0.0545204, 0.0111858, 0.0464194, 0.0100876, 0.0389806, 0.00909023, 0.0321759, 0.00818379, 0.0259794, 0.00735919, 0.0203672, 0.00660818, 0.0153172, 0.00592326, 0.0108095, 0.00529757, 0.00682594, 0.00472486, 0.00335009, 0.0041994, 0.000367398, 0.00371594, -0.00213501, 0.00326964, -0.00416832, 0.00285603, -0.00574203, 0.00247099, -0.00686403, 0.00211066, -0.0075406, 0.00177143, -0.00777642, 0.00144992, -0.00757458, 0.00114291, -0.00693665, 0.00084733, -0.00586258, 0.000560222, -0.00435079, 0.00027872, -0.00239844
4.39543, 0.957913, -0.0349782, 0.359117, 0.138044, 0.0591172, 0.405842, -0.040664, -0.0410913, -0.0572076, 4.43609, 0.999004, 0.0222294, 0.3, -0.267799, 0.0591172, 0.405842, 0.0560473, 0.369296, 0.0530918, 0.33608, 0.0502672, 0.305857, 0.0475858, 0.278324, 0.0450565, 0.253214, 0.0426857, 0.230284, 0.0404777, 0.20932, 0.0384355, 0.19013, 0.0365614, 0.172543, 0.032467, 0.156114, 0.0293624, 0.140771, 0.0265513, 0.126437, 0.0240058, 0.113064, 0.0217004, 0.100605, 0.019612, 0.0890136, 0.0177197, 0.07825, 0.0160045, 0.0682751, 0.0144495, 0.0590525, 0.0130389, 0.0505484, 0.0117588, 0.0427312, 0.0105962, 0.0355717, 0.00953959, 0.0290428, 0.00857838, 0.0231195, 0.00770296, 0.017779, 0.00690457, 0.0130001, 0.00617523, 0.00876397, 0.00550764, 0.00505336, 0.00489513, 0.00185295, 0.00433157, -0.000850826, 0.00381133, -0.00306978, 0.0033292, -0.00481403, 0.00288036, -0.00609198, 0.00246034, -0.00691041, 0.00206491, -0.00727444, 0.00169013, -0.00718758, 0.00133226, -0.00665172, 0.00098771, -0.00566715, 0.000653036, -0.00423254, 0.000324896, -0.00234528
4.40199, 0.957973, -0.0423473, 0.375515, 0.176151, 0.0755152, 0.414188, -0.0490998, -0.0413256, -0.0597296, 4.45109, 0.999299, 0.0173823, 0.3, -0.238037, 0.0755152, 0.414188, 0.0710393, 0.377776, 0.0668226, 0.344607, 0.0628669, 0.31436, 0.0591721, 0.28675, 0.0557363, 0.261519, 0.0525565, 0.238438, 0.0496293, 0.217299, 0.0469508, 0.197919, 0.0417798, 0.179798, 0.0377884, 0.162854, 0.0341749, 0.147004, 0.0309032, 0.132194, 0.0279405, 0.118371, 0.0252572, 0.105488, 0.0228264, 0.0934981, 0.020624, 0.0823596, 0.0186278, 0.0720323, 0.0168178, 0.0624787, 0.0151761, 0.0536639, 0.0136861, 0.0455554, 0.012333, 0.0381231, 0.0111032, 0.0313389, 0.00998444, 0.0251772, 0.00896553, 0.0196141, 0.00803628, 0.014628, 0.00718739, 0.0101992, 0.00641038, 0.00630993, 0.00569748, 0.00294427, 0.00504155, 8.81252e-05, 0.00443604, -0.00227082, 0.00387488, -0.00414311, 0.00335248, -0.00553759, 0.00286361, -0.0064614, 0.00240337, -0.00691999, 0.00196716, -0.00691717, 0.00155063, -0.0064551, 0.00114961, -0.00553429, 0.000760076, -0.0041536, 0.000378149, -0.00231059
4.40732, 0.957985, -0.0483688, 0.394748, 0.211049, 0.0947477, 0.418888, -0.0587619, -0.0415409, -0.0614993, 4.46609, 0.999526, 0.0131305, 0.3, -0.207839, 0.0947477, 0.418888, 0.0885858, 0.382881, 0.0828568, 0.35001, 0.0775459, 0.319974, 0.0726379, 0.292505, 0.0681182, 0.26736, 0.0639731, 0.244321, 0.0601895, 0.223193, 0.0536712, 0.203421, 0.0485477, 0.184917, 0.0439098, 0.167587, 0.0397109, 0.151374, 0.0359092, 0.136222, 0.0324666, 0.122077, 0.0293486, 0.108891, 0.0265241, 0.0966162, 0.0239649, 0.0852101, 0.0216453, 0.0746315, 0.0195422, 0.0648423, 0.0176345, 0.0558066, 0.0159032, 0.0474914, 0.0143308, 0.0398657, 0.0129018, 0.032901, 0.0116019, 0.0265709, 0.0104179, 0.0208512, 0.00933811, 0.0157196, 0.00835171, 0.011156, 0.00744883, 0.00714222, 0.00662044, 0.00366183, 0.00585826, 0.000700413, 0.00515466, -0.00175469, 0.0045026, -0.00371436, 0.00389557, -0.00518771, 0.0033275, -0.00618213, 0.00279271, -0.00670332, 0.00228584, -0.00675529, 0.00180183, -0.00634035, 0.00133584, -0.00545919, 0.000883206, -0.00411079, 0.000439408, -0.00229279
4.41175, 0.957942, -0.0534442, 0.416143, 0.244249, 0.116143, 0.421501, -0.0693345, -0.0417511, -0.0629183, 4.48108, 0.999693, 0.00947412, 0.3, -0.177252, 0.116143, 0.421501, 0.108092, 0.38603, 0.10067, 0.353584, 0.0938413, 0.323885, 0.0875765, 0.296681, 0.0818468, 0.271744, 0.0766264, 0.24887, 0.0684552, 0.22745, 0.0619246, 0.207386, 0.0560133, 0.188579, 0.0506622, 0.170965, 0.0458177, 0.154485, 0.0414313, 0.13908, 0.0374593, 0.124698, 0.0338618, 0.11129, 0.030603, 0.0988062, 0.0276502, 0.0872042, 0.024974, 0.0764421, 0.0225474, 0.0664809, 0.0203464, 0.0572845, 0.0183488, 0.0488191, 0.0165347, 0.0410535, 0.0148859, 0.0339585, 0.013386, 0.0275073, 0.01202, 0.0216754, 0.0107742, 0.01644, 0.00963607, 0.0117808, 0.00859434, 0.00767905, 0.00763856, 0.00411828, 0.00675916, 0.00108369, 0.00594736, -0.00143761, 0.00519503, -0.00345673, 0.00449465, -0.00498299, 0.00383922, -0.00602395, 0.00322218, -0.00658548, 0.00263737, -0.00667171, 0.00207892, -0.00628509, 0.00154127, -0.00542637, 0.00101903, -0.00409463, 0.000506981, -0.00228756
4.41568, 0.957862, -0.0579012, 0.438872, 0.276985, 0.138872, 0.423311, -0.080401, -0.0419479, -0.0643143, 4.49608, 0.99981, 0.00641308, 0.3, -0.146326, 0.138872, 0.423311, 0.128821, 0.388408, 0.119605, 0.35643, 0.111172, 0.327117, 0.103475, 0.300236, 0.0964708, 0.275572, 0.0863193, 0.252463, 0.0780888, 0.230802, 0.0706392, 0.210482, 0.0638961, 0.191433, 0.0577919, 0.173592, 0.0522656, 0.156897, 0.0472619, 0.141291, 0.0427309, 0.126721, 0.0386272, 0.113135, 0.0349098, 0.100485, 0.0315415, 0.0887274, 0.0284886, 0.0778196, 0.0257206, 0.0677223, 0.0232097, 0.0583988, 0.020931, 0.0498151, 0.0188616, 0.0419393, 0.0169808, 0.034742, 0.0152699, 0.028196, 0.0137116, 0.0222765, 0.0122904, 0.0169605, 0.0109922, 0.0122273, 0.00980385, 0.00805792, 0.00871356, 0.00443565, 0.0077104, 0.0013455, 0.00678435, -0.00122563, 0.00592614, -0.00328902, 0.0051272, -0.00485413, 0.00437953, -0.00592868, 0.00367565, -0.00651864, 0.00300853, -0.00662826, 0.0023715, -0.00626005, 0.00175818, -0.00541485, 0.00116244, -0.00409176, 0.00057833, -0.00228854
4.41906, 0.957723, -0.0616921, 0.463072, 0.309405, 0.163072, 0.424521, -0.0920215, -0.0421625, -0.0656395, 4.51108, 0.999885, 0.00394739, 0.3, -0.115116, 0.163072, 0.424521, 0.1509, 0.390207, 0.139784, 0.35873, 0.129653, 0.32985, 0.120444, 0.303347, 0.107916, 0.278503, 0.0976306, 0.255201, 0.0883216, 0.233325, 0.0798959, 0.212802, 0.0722691, 0.193563, 0.065365, 0.175543, 0.0591145, 0.158681, 0.0534552, 0.142918, 0.0483304, 0.1282, 0.043689, 0.114475, 0.0394844, 0.101697, 0.0356747, 0.0898185, 0.0322218, 0.078798, 0.029091, 0.0685958, 0.0262512, 0.0591748, 0.0236739, 0.0505005, 0.0213333, 0.0425408, 0.0192061, 0.035266, 0.0172709, 0.0286487, 0.0155084, 0.0226636, 0.013901, 0.0172878, 0.0124326, 0.0125001, 0.0110886, 0.00828149, 0.00985541, 0.00461504, 0.0087208, 0.00148559, 0.0076734, -0.0011201, 0.00670273, -0.00321343, 0.00579909, -0.00480399, 0.00495344, -0.00589959, 0.00415732, -0.00650629, 0.00340278, -0.00662838, 0.00268227, -0.00626844, 0.00198858, -0.00542735, 0.00131477, -0.00410424, 0.000654117, -0.00229685
4.4219, 0.95763, -0.0649641, 0.488742, 0.341976, 0.188742, 0.425655, -0.104183, -0.0422985, -0.0670412, 4.52608, 0.999928, 0.00207707, 0.3, -0.0836785, 0.188742, 0.425655, 0.174335, 0.391942, 0.161222, 0.360993, 0.14931, 0.332586, 0.133935, 0.305946, 0.121174, 0.280946, 0.109625, 0.257461, 0.0991725, 0.235411, 0.0897116, 0.214725, 0.0811478, 0.195333, 0.0733955, 0.177168, 0.0663771, 0.16017, 0.0600225, 0.14428, 0.0542682, 0.129442, 0.0490565, 0.115606, 0.0443354, 0.102723, 0.0400576, 0.0907462, 0.0361805, 0.079634, 0.0326651, 0.0693462, 0.0294764, 0.0598454, 0.0265824, 0.0510968, 0.0239543, 0.0430682, 0.0215657, 0.0357296, 0.0193927, 0.0290533, 0.0174137, 0.0230139, 0.0156089, 0.0175881, 0.0139601, 0.0127548, 0.0124509, 0.00849475, 0.0110662, 0.0047908, 0.00979222, 0.00162769, 0.00861614, -0.00100793, 0.00752622, -0.00312758, 0.00651156, -0.00474094, 0.00556201, -0.0058559, 0.00466809, -0.00647858, 0.00382084, -0.00661334, 0.00301181, -0.00626283, 0.00223289, -0.00542793, 0.0014763, -0.00410781, 0.00073448, -0.00230023
4.42425, 0.957505, -0.0676058, 0.515828, 0.375015, 0.215828, 0.42709, -0.116835, -0.0424425, -0.0684079, 4.54108, 0.999948, 0.000802103, 0.3, -0.0520746, 0.215828, 0.42709, 0.199089, 0.393973, 0.183893, 0.36357, 0.165122, 0.335047, 0.149394, 0.308266, 0.135161, 0.283093, 0.122279, 0.259443, 0.110619, 0.23724, 0.100067, 0.216409, 0.0905142, 0.19688, 0.0818671, 0.178588, 0.0740387, 0.16147, 0.0669506, 0.145466, 0.0605321, 0.130523, 0.0547189, 0.116588, 0.0494528, 0.103612, 0.0446813, 0.0915483, 0.0403566, 0.0803551, 0.0364355, 0.0699917, 0.0328787, 0.0604205, 0.0296507, 0.0516066, 0.0267192, 0.0435174, 0.0240549, 0.0361226, 0.0216312, 0.0293946, 0.0194237, 0.0233077, 0.0174105, 0.0178383, 0.0155714, 0.0129653, 0.0138881, 0.00866921, 0.0123436, 0.0049328, 0.0109225, 0.00174069, 0.00961067, -0.000920576, 0.00839494, -0.00306261, 0.00726316, -0.00469518, 0.00620401, -0.00582625, 0.00520691, -0.006462, 0.00426187, -0.00660684, 0.00335945, -0.00626345, 0.00249063, -0.00543275, 0.00164671, -0.00411392, 0.000819258, -0.00230473
4.42619, 0.957399, -0.0698054, 0.54423, 0.409633, 0.24423, 0.429999, -0.129892, -0.0425531, -0.0699279, 4.55608, 0.999952, 0.000122501, 0.3, -0.0203664, 0.24423, 0.429999, 0.225088, 0.397437, 0.202281, 0.366878, 0.183019, 0.33817, 0.165587, 0.311171, 0.14981, 0.285791, 0.135532, 0.261947, 0.122609, 0.23956, 0.110913, 0.218556, 0.100325, 0.198865, 0.0907407, 0.180419, 0.0820637, 0.163156, 0.0742074, 0.147017, 0.0670931, 0.131946, 0.0606498, 0.11789, 0.054813, 0.104801, 0.0495243, 0.0926323, 0.0447308, 0.0813399, 0.0403847, 0.0708837, 0.0364424, 0.0612256, 0.0328645, 0.0523305, 0.0296153, 0.0441656, 0.0266622, 0.0367003, 0.0239758, 0.0299068, 0.0215291, 0.023759, 0.0192976, 0.0182334, 0.0172592, 0.0133085, 0.0153934, 0.00896468, 0.0136815, 0.00518458, 0.0121064, 0.00195266, 0.0106524, -0.000744691, 0.00930487, -0.00291918, 0.00805042, -0.0045807, 0.00687647, -0.0057373, 0.00577128, -0.00639525, 0.00472381, -0.00655904, 0.00372358, -0.00623141, 0.00276059, -0.00541334, 0.0018252, -0.00410404, 0.000908058, -0.00230132
4.42789, 0.957279, -0.0716327, 0.573765, 0.447015, 0.273765, 0.435632, -0.143197, -0.0426726, -0.0716709, 4.57108, 0.999951, 3.82593e-05, 0.3, 0.0113829, 0.273765, 0.435632, 0.246197, 0.40279, 0.222758, 0.371923, 0.201546, 0.342876, 0.182349, 0.315556, 0.164976, 0.289873, 0.149252, 0.265743, 0.135021, 0.243086, 0.12214, 0.221828, 0.110481, 0.201896, 0.0999263, 0.183224, 0.0903709, 0.165747, 0.0817193, 0.149407, 0.0738849, 0.134146, 0.0667893, 0.119913, 0.0603616, 0.106656, 0.0545376, 0.0943293, 0.0492589, 0.0828889, 0.0444728, 0.0722937, 0.0401314, 0.0625054, 0.0361914, 0.0534883, 0.0326132, 0.0452092, 0.0293612, 0.0376373, 0.0264028, 0.0307441, 0.0237084, 0.0245036, 0.0212511, 0.0188918, 0.0190064, 0.0138869, 0.0169516, 0.00946906, 0.0150664, 0.00562068, 0.0133319, 0.00232599, 0.0117307, -0.000428822, 0.0102468, -0.00265566, 0.00886535, -0.00436457, 0.00757257, -0.00556377, 0.00635551, -0.00625967, 0.005202, -0.00645687, 0.00410052, -0.00615822, 0.00304004, -0.00536478, 0.00200996, -0.00407586, 0.00099998, -0.00228931
4.42928, 0.957227, -0.0732277, 0.587871, 0.44258, 0.287871, 0.44258, -0.15141, -0.0427731, -0.0732277, 4.58069, 1, 0, 0.3, 0, 0.287871, 0.44258, 0.260468, 0.40934, 0.23567, 0.378044, 0.213229, 0.348592, 0.192919, 0.320888, 0.174539, 0.294843, 0.157904, 0.270371, 0.142848, 0.247391, 0.12922, 0.225827, 0.116885, 0.205607, 0.105719, 0.186663, 0.0956096, 0.16893, 0.0864564, 0.152348, 0.0781679, 0.13686, 0.070661, 0.122411, 0.0638607, 0.108953, 0.057699, 0.0964359, 0.0521143, 0.0848167, 0.0470508, 0.0740535, 0.0424578, 0.0641074, 0.0382893, 0.0549423, 0.0345037, 0.0465244, 0.0310632, 0.0388226, 0.0279333, 0.0318079, 0.0250828, 0.025454, 0.022483, 0.0197364, 0.0201081, 0.0146331, 0.0179343, 0.0101238, 0.0159398, 0.00619079, 0.0141047, 0.00281788, 0.0124107, -8.94723e-06, 0.0108408, -0.00230182, 0.00937926, -0.004071, 0.00801153, -0.00532489, 0.00672392, -0.00607007, 0.00550355, -0.00631131, 0.00433822, -0.00605158, 0.00321626, -0.00529206, 0.00212647, -0.00403216, 0.00105795, -0.00226983
4.43026, 0.95719, -0.074497, 0.614521, 0.447517, 0.314521, 0.447517, -0.165428, -0.0428098, -0.074497, 4.59569, 1, 0, 0.3, 0, 0.314521, 0.447517, 0.284582, 0.413961, 0.257488, 0.382367, 0.23297, 0.352632, 0.21078, 0.324661, 0.190698, 0.298363, 0.172523, 0.273652, 0.156073, 0.250446, 0.141184, 0.228669, 0.127707, 0.208248, 0.115506, 0.189114, 0.104461, 0.171202, 0.0944607, 0.154451, 0.0854048, 0.138803, 0.0772029, 0.124204, 0.069773, 0.110603, 0.0630409, 0.0979531, 0.0569392, 0.0862082, 0.0514068, 0.0753267, 0.0463886, 0.0652695, 0.0418342, 0.0559998, 0.0376981, 0.0474838, 0.0339391, 0.03969, 0.0305194, 0.0325892, 0.027405, 0.0261546, 0.0245645, 0.0203616, 0.0219698, 0.0151878, 0.0195947, 0.0106131, 0.0174156, 0.00661908, 0.0154106, 0.00318964, 0.0135597, 0.000310533, 0.0118444, -0.00203055, 0.0102476, -0.00384401, 0.00875326, -0.0051384, 0.00734644, -0.00592042, 0.00601308, -0.00619495, 0.00473986, -0.00596506, 0.00351403, -0.00523203, 0.00232335, -0.00399534, 0.00115589, -0.002253
4.43104, 0.957185, -0.0755475, 0.641559, 0.451503, 0.341559, 0.451503, -0.179648, -0.0428146, -0.0755475, 4.61069, 1, 0, 0.3, 0, 0.341559, 0.451503, 0.309045, 0.417696, 0.279622, 0.385863, 0.252995, 0.355902, 0.228899, 0.327718, 0.20709, 0.301218, 0.187353, 0.276316, 0.169489, 0.25293, 0.15332, 0.230983, 0.138684, 0.2104, 0.125435, 0.191114, 0.113441, 0.173058, 0.102581, 0.156171, 0.0927462, 0.140395, 0.0838393, 0.125676, 0.0757707, 0.111961, 0.0684599, 0.0992032, 0.0618337, 0.087357, 0.0558258, 0.0763801, 0.0503761, 0.066233, 0.0454303, 0.0568788, 0.0409387, 0.0482834, 0.0368565, 0.0404149, 0.0331429, 0.033244, 0.0297607, 0.0267437, 0.0266761, 0.0208892, 0.0238583, 0.0156579, 0.021279, 0.0110293, 0.0189126, 0.00698518, 0.0167353, 0.00350903, 0.0147253, 0.000586534, 0.0128626, -0.00179475, 0.0111285, -0.00364536, 0.00950569, -0.00497395, 0.00797794, -0.00578732, 0.00652997, -0.00609046, 0.0051473, -0.00588651, 0.0038161, -0.00517684, 0.00252306, -0.00396099, 0.00125525, -0.00223704
4.43179, 0.957121, -0.0764082, 0.66864, 0.455004, 0.36864, 0.455004, -0.193892, -0.0428789, -0.0764082, 4.62569, 1, 0, 0.3, 0, 0.36864, 0.455004, 0.333549, 0.420968, 0.301793, 0.388918, 0.273055, 0.358753, 0.247048, 0.330376, 0.22351, 0.303694, 0.202208, 0.27862, 0.182928, 0.255071, 0.165477, 0.23297, 0.149681, 0.212243, 0.135381, 0.19282, 0.122435, 0.174635, 0.110714, 0.157627, 0.1001, 0.141737, 0.0904868, 0.12691, 0.0817785, 0.113094, 0.073888, 0.100241, 0.0667364, 0.0883049, 0.0602522, 0.077244, 0.0543704, 0.0670181, 0.0490324, 0.05759, 0.0441847, 0.0489254, 0.0397788, 0.0409922, 0.0357708, 0.0337609, 0.0321204, 0.0272042, 0.0287912, 0.0212973, 0.02575, 0.0160172, 0.0229662, 0.0113435, 0.0204122, 0.00725763, 0.0180622, 0.00374305, 0.0158929, 0.000785289, 0.0138825, -0.00162821, 0.0120109, -0.00350809, 0.0102594, -0.00486309, 0.0086105, -0.0057001, 0.00704772, -0.00602418, 0.00555542, -0.00583856, 0.00411867, -0.00514463, 0.00272311, -0.00394199, 0.00135478, -0.00222876
4.43254, 0.957049, -0.0771034, 0.695728, 0.457908, 0.395728, 0.457908, -0.208142, -0.0429506, -0.0771034, 4.64069, 1, 0, 0.3, 0, 0.395728, 0.457908, 0.35806, 0.42368, 0.323971, 0.391449, 0.293121, 0.361112, 0.265203, 0.332573, 0.239936, 0.305738, 0.217069, 0.28052, 0.196371, 0.256835, 0.177638, 0.234605, 0.160681, 0.213757, 0.14533, 0.19422, 0.131433, 0.175928, 0.118851, 0.158818, 0.107456, 0.142832, 0.0971369, 0.127915, 0.0877886, 0.114015, 0.0793182, 0.101083, 0.071641, 0.0890728, 0.0646802, 0.0779421, 0.0583662, 0.0676508, 0.0526359, 0.0581616, 0.0474319, 0.0494397, 0.0427022, 0.0414531, 0.0383996, 0.034172, 0.034481, 0.027569, 0.0309072, 0.021619, 0.0276424, 0.0162991, 0.0246541, 0.0115885, 0.0219123, 0.00746873, 0.0193896, 0.00392305, 0.0170609, 0.000936891, 0.0149027, -0.0015024, 0.0128936, -0.00340553, 0.0110134, -0.00478134, 0.0092433, -0.00563678, 0.00756567, -0.00597697, 0.0059637, -0.00580517, 0.00442136, -0.00512285, 0.00292324, -0.00392963, 0.00145435, -0.00222366
4.43336, 0.956956, -0.0778111, 0.706837, 0.461518, 0.406837, 0.461518, -0.222327, -0.0430436, -0.0778111, 4.65569, 1, 0, 0.3, 0, 0.406837, 0.461518, 0.383975, 0.427048, 0.347418, 0.394589, 0.314335, 0.364037, 0.284395, 0.335293, 0.257299, 0.308263, 0.232777, 0.282861, 0.210582, 0.259003, 0.190492, 0.236609, 0.172308, 0.215605, 0.155847, 0.19592, 0.140944, 0.177489, 0.127451, 0.160248, 0.115232, 0.144139, 0.104166, 0.129106, 0.0941413, 0.115096, 0.0850579, 0.102061, 0.0768252, 0.0899544, 0.0693607, 0.0787332, 0.0625898, 0.0683573, 0.0564448, 0.058789, 0.0508642, 0.0499936, 0.0457923, 0.0419386, 0.0411784, 0.0345942, 0.0369762, 0.0279327, 0.0331437, 0.021929, 0.0296427, 0.01656, 0.0264381, 0.0118048, 0.0234979, 0.00764469, 0.0207927, 0.00406291, 0.0182954, 0.00104478, 0.0159811, -0.00142244, 0.0138266, -0.00334956, 0.0118103, -0.00474546, 0.00991218, -0.00561718, 0.00811315, -0.00596986, 0.00639526, -0.00580684, 0.00474131, -0.00512959, 0.00313478, -0.00393779, 0.00155959, -0.00222925
4.43395, 0.956872, -0.0783046, 0.706847, 0.463712, 0.406847, 0.463712, -0.236736, -0.0431282, -0.0783046, 4.67069, 1, 0, 0.3, 0, 0.406847, 0.463712, 0.406832, 0.429094, 0.372634, 0.396494, 0.337149, 0.365809, 0.305036, 0.33694, 0.275974, 0.309792, 0.249672, 0.284279, 0.225866, 0.260315, 0.204318, 0.237822, 0.184814, 0.216725, 0.167158, 0.196952, 0.151174, 0.178439, 0.136702, 0.16112, 0.123596, 0.144938, 0.111726, 0.129836, 0.100974, 0.115762, 0.0912315, 0.102667, 0.0824012, 0.0905036, 0.0743949, 0.0792296, 0.0671326, 0.0688042, 0.0605416, 0.0591898, 0.054556, 0.0503514, 0.049116, 0.0422565, 0.0441671, 0.034875, 0.0396599, 0.0281792, 0.0355493, 0.0221438, 0.0317942, 0.0167456, 0.028357, 0.0119636, 0.0252034, 0.00777906, 0.0223019, 0.0041751, 0.0196233, 0.00113696, 0.017141, -0.00134817, 0.0148301, -0.00329115, 0.0126675, -0.00470093, 0.0106316, -0.00558457, 0.00870201, -0.00594728, 0.00685943, -0.00579242, 0.00508544, -0.00512149, 0.0033623, -0.00393418, 0.00167279, -0.00222835
4.4339, 0.956733, -0.0780986, 0.706894, 0.463475, 0.406894, 0.463475, -0.251782, -0.0432674, -0.0780986, 4.68569, 1, 0, 0.3, 0, 0.406894, 0.463475, 0.406875, 0.428854, 0.401221, 0.396253, 0.363015, 0.365566, 0.328439, 0.336696, 0.297147, 0.309549, 0.268826, 0.284036, 0.243194, 0.260073, 0.219993, 0.237582, 0.198993, 0.216486, 0.179983, 0.196716, 0.162772, 0.178205, 0.147189, 0.16089, 0.133078, 0.144712, 0.120298, 0.129613, 0.108721, 0.115544, 0.0982306, 0.102453, 0.0887228, 0.0902941, 0.0801023, 0.0790252, 0.0722828, 0.0686053, 0.0651862, 0.0589966, 0.0587414, 0.0501643, 0.052884, 0.0420757, 0.0475555, 0.0347009, 0.0427025, 0.0280121, 0.0382765, 0.021984, 0.0342334, 0.0165935, 0.0305325, 0.0118196, 0.027137, 0.00764343, 0.0240128, 0.00404824, 0.0211288, 0.00101925, 0.018456, -0.00145631, 0.0159679, -0.0033893, 0.0136393, -0.00478864, 0.0114472, -0.00566138, 0.0093696, -0.00601269, 0.00738566, -0.00584591, 0.00547557, -0.00516251, 0.00362024, -0.00396215, 0.00180112, -0.00224266
4.43363, 0.956647, -0.0776551, 0.706966, 0.462132, 0.406966, 0.462132, -0.267058, -0.0433531, -0.0776551, 4.70069, 1, 0, 0.3, 0, 0.406966, 0.462132, 0.406943, 0.427586, 0.406919, 0.395054, 0.391486, 0.364435, 0.354198, 0.335628, 0.320452, 0.308542, 0.28991, 0.283086, 0.262267, 0.259178, 0.237247, 0.236738, 0.2146, 0.215692, 0.194099, 0.19597, 0.175538, 0.177503, 0.158733, 0.160231, 0.143515, 0.144093, 0.129733, 0.129033, 0.117247, 0.115, 0.105935, 0.101944, 0.0956812, 0.089819, 0.0863846, 0.0785818, 0.0779518, 0.0681922, 0.0702986, 0.0586125, 0.0633483, 0.0498077, 0.0570316, 0.0417455, 0.0512851, 0.0343958, 0.0460515, 0.0277311, 0.0412784, 0.0217261, 0.0369182, 0.0163576, 0.0329271, 0.0116048, 0.0292652, 0.00744894, 0.025896, 0.00387322, 0.0227858, 0.00086296, 0.0199035, -0.00159458, 0.0172201, -0.00351019, 0.014709, -0.00489276, 0.012345, -0.00574928, 0.0101044, -0.00608489, 0.00796488, -0.00590288, 0.005905, -0.00520469, 0.00390416, -0.00398993, 0.00194237, -0.00225639
4.43328, 0.956612, -0.0771883, 0.70709, 0.460504, 0.40709, 0.460504, -0.282402, -0.0433879, -0.0771883, 4.71569, 1, 0, 0.3, 0, 0.40709, 0.460504, 0.407063, 0.426055, 0.407032, 0.393617, 0.407, 0.363086, 0.381835, 0.334363, 0.345457, 0.307356, 0.312532, 0.281975, 0.282732, 0.258138, 0.25576, 0.235766, 0.231345, 0.214784, 0.209244, 0.195122, 0.189235, 0.176713, 0.171119, 0.159494, 0.154713, 0.143407, 0.139855, 0.128396, 0.126396, 0.114409, 0.1142, 0.101396, 0.103147, 0.0893125, 0.0931248, 0.0781141, 0.084034, 0.0677612, 0.0757836, 0.0582162, 0.068291, 0.0494443, 0.0614814, 0.0414131, 0.0552865, 0.0340927, 0.0496446, 0.0274557, 0.0444991, 0.0214768, 0.0397986, 0.0161329, 0.0354961, 0.0114034, 0.0315485, 0.00726945, 0.0279165, 0.00371439, 0.0245636, 0.00072359, 0.0214564, -0.00171564, 0.0185637, -0.00361402, 0.0158566, -0.00498041, 0.0133082, -0.00582175, 0.0108928, -0.00614313, 0.0085863, -0.00594779, 0.0063657, -0.00523714, 0.00420876, -0.00401077, 0.00209392, -0.00226642
4.43304, 0.956581, -0.0768388, 0.707282, 0.459304, 0.407282, 0.459304, -0.29765, -0.0434191, -0.0768388, 4.73069, 1, 0, 0.3, 0, 0.407282, 0.459304, 0.407251, 0.424927, 0.407213, 0.392557, 0.407171, 0.362091, 0.407123, 0.333429, 0.371936, 0.306479, 0.336489, 0.281154, 0.304405, 0.257369, 0.275365, 0.235046, 0.249078, 0.214111, 0.225283, 0.194493, 0.20374, 0.176125, 0.184235, 0.158947, 0.166572, 0.142897, 0.150575, 0.127922, 0.136084, 0.113968, 0.122953, 0.100988, 0.111053, 0.0889338, 0.100262, 0.0777641, 0.0904748, 0.0674382, 0.081592, 0.0579188, 0.0735251, 0.0491711, 0.0661935, 0.0411628, 0.0595239, 0.0338641, 0.0534495, 0.0272476, 0.0479096, 0.021288, 0.0428488, 0.0159625, 0.0382165, 0.0112503, 0.0339664, 0.00713273, 0.030056, 0.00359312, 0.0264461, 0.000616911, 0.0231007, -0.00180854, 0.0199863, -0.00369394, 0.0170718, -0.00504807, 0.0143281, -0.00587786, 0.0117275, -0.00618837, 0.00924432, -0.00598281, 0.00685355, -0.00526255, 0.00453131, -0.00402715, 0.0022544, -0.00227434
4.43284, 0.956555, -0.0765465, 0.706858, 0.458302, 0.406858, 0.458302, -0.312842, -0.0434452, -0.0765465, 4.74569, 1, 0, 0.3, 0, 0.406858, 0.458302, 0.406858, 0.423985, 0.406858, 0.391672, 0.406858, 0.361259, 0.406858, 0.332649, 0.40097, 0.305747, 0.362754, 0.280467, 0.328166, 0.256726, 0.296859, 0.234444, 0.268521, 0.213548, 0.242869, 0.193967, 0.219645, 0.175635, 0.198617, 0.158489, 0.179576, 0.142471, 0.16233, 0.127525, 0.146708, 0.1136, 0.132552, 0.100646, 0.119723, 0.0886173, 0.10809, 0.0774715, 0.0975385, 0.0671682, 0.0879623, 0.0576702, 0.0792657, 0.0489427, 0.0713618, 0.0409536, 0.0641714, 0.033673, 0.0576228, 0.0270736, 0.0516504, 0.0211302, 0.0461945, 0.01582, 0.0412006, 0.0111223, 0.0366187, 0.00701833, 0.0324029, 0.00349165, 0.0285112, 0.000527633, 0.0249046, -0.00188631, 0.0215471, -0.00376084, 0.018405, -0.00510473, 0.0154469, -0.00592486, 0.0126434, -0.00622627, 0.00996622, -0.00601214, 0.00738875, -0.00528384, 0.00488516, -0.00404088, 0.00243043, -0.00228098
4.43263, 0.956568, -0.0763286, 0.706858, 0.457428, 0.406858, 0.457428, -0.328059, -0.0434324, -0.0763286, 4.76069, 1, 0, 0.3, 0, 0.406858, 0.457428, 0.406858, 0.423168, 0.406858, 0.390909, 0.406858, 0.360547, 0.406858, 0.331984, 0.406858, 0.305128, 0.391085, 0.279891, 0.353796, 0.25619, 0.320044, 0.233946, 0.289493, 0.213086, 0.261837, 0.193538, 0.236799, 0.175238, 0.214129, 0.158123, 0.193601, 0.142133, 0.175008, 0.127214, 0.158166, 0.113314, 0.142905, 0.100384, 0.129073, 0.0883776, 0.116532, 0.0772527, 0.105156, 0.0669691, 0.0948322, 0.0574896, 0.0854564, 0.0487794, 0.0769352, 0.0408064, 0.0691833, 0.033541, 0.0621232, 0.0269557, 0.0556844, 0.0210255, 0.0498024, 0.0157276, 0.0444184, 0.0110412, 0.0394786, 0.0069478, 0.0349336, 0.00343084, 0.030738, 0.000475776, 0.0268497, -0.00192996, 0.0232299, -0.00379701, 0.0198424, -0.00513412, 0.0166533, -0.00594816, 0.0136308, -0.00624412, 0.0107446, -0.0060252, 0.00796581, -0.00529272, 0.0052667, -0.0040462, 0.00262025, -0.00228334
4.43239, 0.956583, -0.0760902, 0.706858, 0.456466, 0.406858, 0.456466, -0.343297, -0.0434166, -0.0760902, 4.77569, 1, 0, 0.3, 0, 0.406858, 0.456466, 0.406858, 0.422268, 0.406858, 0.390068, 0.406858, 0.359762, 0.406858, 0.331252, 0.406858, 0.304446, 0.406858, 0.279256, 0.381213, 0.2556, 0.344846, 0.233398, 0.311927, 0.212578, 0.282128, 0.193068, 0.25515, 0.174803, 0.230723, 0.157721, 0.208604, 0.141763, 0.18857, 0.126873, 0.170423, 0.113001, 0.153979, 0.100097, 0.139076, 0.0881151, 0.125563, 0.0770133, 0.113305, 0.0667514, 0.102181, 0.0572922, 0.0920789, 0.0486011, 0.0828973, 0.0406459, 0.0745446, 0.0333971, 0.0669374, 0.0268274, 0.0599996, 0.0209117, 0.0536618, 0.0156272, 0.0478606, 0.0109533, 0.042538, 0.00687146, 0.0376408, 0.00336515, 0.03312, 0.000419868, 0.0289304, -0.00197692, 0.0250301, -0.00383583, 0.0213801, -0.00516557, 0.0179439, -0.00597299, 0.0146871, -0.00626308, 0.0115772, -0.00603898, 0.00858313, -0.00530204, 0.00567484, -0.00405174, 0.0028233, -0.00228578
4.4322, 0.956584, -0.075857, 0.706858, 0.455583, 0.406858, 0.455583, -0.358485, -0.0434161, -0.075857, 4.79069, 1, 0, 0.3, 0, 0.406858, 0.455583, 0.406858, 0.421441, 0.406858, 0.389293, 0.406859, 0.359037, 0.406858, 0.330575, 0.406859, 0.303813, 0.406858, 0.278666, 0.406859, 0.255049, 0.371218, 0.232885, 0.335782, 0.2121, 0.303704, 0.192624, 0.274662, 0.174391, 0.248368, 0.157339, 0.224557, 0.141409, 0.202991, 0.126547, 0.183456, 0.1127, 0.165755, 0.0998193, 0.149711, 0.0878601, 0.135165, 0.0767795, 0.12197, 0.0665375, 0.109996, 0.057097, 0.0991206, 0.0484234, 0.0892368, 0.0404848, 0.0802454, 0.0332516, 0.0720565, 0.0266964, 0.0645881, 0.0207943, 0.0577656, 0.0155226, 0.0515207, 0.0108607, 0.0457911, 0.00678995, 0.0405194, 0.00329401, 0.0356528, 0.000358365, 0.0311428, -0.00202949, 0.0269443, -0.00388014, 0.0230151, -0.00520227, 0.0193161, -0.00600272, 0.0158103, -0.00628643, 0.0124626, -0.00605655, 0.00923952, -0.0053144, 0.00610882, -0.00405944, 0.00303922, -0.00228936
4.43207, 0.956568, -0.07565, 0.706858, 0.454861, 0.406858, 0.454861, -0.373619, -0.0434317, -0.07565, 4.80569, 1, 0, 0.3, 0, 0.406858, 0.454861, 0.406858, 0.420763, 0.406858, 0.388657, 0.406858, 0.35844, 0.406859, 0.330014, 0.406858, 0.303288, 0.406859, 0.278174, 0.406858, 0.254589, 0.399919, 0.232455, 0.361743, 0.211698, 0.327185, 0.192249, 0.295898, 0.174041, 0.26757, 0.157013, 0.241918, 0.141106, 0.218686, 0.126265, 0.19764, 0.112438, 0.17857, 0.0995766, 0.161286, 0.0876356, 0.145616, 0.0765721, 0.131401, 0.0663464, 0.1185, 0.0569213, 0.106784, 0.0482623, 0.0961362, 0.0403374, 0.0864497, 0.0331172, 0.0776276, 0.0265742, 0.0695818, 0.0206837, 0.0622318, 0.015423, 0.0555041, 0.0107713, 0.0493315, 0.00671031, 0.0436522, 0.00322353, 0.0384094, 0.000296507, 0.0335507, -0.00208323, 0.0290275, -0.00392624, 0.0247946, -0.0052412, 0.0208096, -0.0060349, 0.0170327, -0.0063123, 0.0134262, -0.00607651, 0.00995388, -0.00532882, 0.00658113, -0.0040687, 0.0032742, -0.00229382
4.43194, 0.95657, -0.0755141, 0.706858, 0.454341, 0.406858, 0.454341, -0.388749, -0.04343, -0.0755141, 4.82069, 1, 0, 0.3, 0, 0.406858, 0.454341, 0.406858, 0.420276, 0.406859, 0.388201, 0.406858, 0.358013, 0.406858, 0.329616, 0.406859, 0.302916, 0.406858, 0.277826, 0.406859, 0.254265, 0.406858, 0.232153, 0.389759, 0.211418, 0.352524, 0.191988, 0.318814, 0.1738, 0.288293, 0.156789, 0.260654, 0.140899, 0.235622, 0.126074, 0.212946, 0.112262, 0.1924, 0.0994146, 0.173778, 0.0874868, 0.156893, 0.0764358, 0.141577, 0.0662218, 0.127677, 0.0568077, 0.115054, 0.0481591, 0.103582, 0.040244, 0.0931449, 0.0330328, 0.0836395, 0.0264984, 0.0749706, 0.0206159, 0.0670514, 0.0153626, 0.0598027, 0.010718, 0.053152, 0.00666349, 0.0470329, 0.00318275, 0.041384, 0.000261342, 0.036149, -0.0021132, 0.0312756, -0.00395143, 0.0267148, -0.005262, 0.0224212, -0.00605168, 0.0183518, -0.00632543, 0.014466, -0.00608634, 0.0107248, -0.0053357, 0.00709082, -0.00407296, 0.00352777, -0.00229579
4.4318, 0.956565, -0.0753439, 0.706858, 0.453716, 0.406858, 0.453716, -0.403885, -0.0434348, -0.0753439, 4.83569, 1, 0, 0.3, 0, 0.406858, 0.453716, 0.406858, 0.41969, 0.406859, 0.387652, 0.406859, 0.357499, 0.406857, 0.329134, 0.40686, 0.302465, 0.406858, 0.277406, 0.406858, 0.253872, 0.40686, 0.231787, 0.406857, 0.211076, 0.379565, 0.19167, 0.34327, 0.173504, 0.310407, 0.156515, 0.280649, 0.140644, 0.253696, 0.125838, 0.229281, 0.112043, 0.207159, 0.0992132, 0.187108, 0.0873012, 0.168928, 0.0762652, 0.152437, 0.0660652, 0.137471, 0.0566644, 0.12388, 0.0480283, 0.111527, 0.0401249, 0.10029, 0.0329248, 0.0900554, 0.0264009, 0.0807215, 0.0205282, 0.0721948, 0.0152841, 0.0643901, 0.010648, 0.0572292, 0.00660162, 0.0506407, 0.00312844, 0.0445585, 0.000214092, 0.038922, -0.00215387, 0.0336747, -0.00398597, 0.0287641, -0.00529084, 0.0241411, -0.00607526, 0.0197596, -0.00634414, 0.0155756, -0.00610057, 0.0115475, -0.00534583, 0.00763474, -0.00407937, 0.00379838, -0.00229882
4.43169, 0.956553, -0.0751684, 0.706858, 0.453101, 0.406858, 0.453101, -0.418999, -0.0434471, -0.0751684, 4.85069, 1, 0, 0.3, 0, 0.406858, 0.453101, 0.406858, 0.419112, 0.406858, 0.387109, 0.406859, 0.35699, 0.406858, 0.328657, 0.406858, 0.302018, 0.406859, 0.276987, 0.406857, 0.25348, 0.406861, 0.23142, 0.406856, 0.210734, 0.40686, 0.191351, 0.369277, 0.173206, 0.333924, 0.156237, 0.301911, 0.140386, 0.272917, 0.125598, 0.246652, 0.111821, 0.222853, 0.0990072, 0.201283, 0.0871107, 0.181726, 0.0760894, 0.163986, 0.0659033, 0.147886, 0.0565156, 0.133265, 0.0478918, 0.119977, 0.0400002, 0.107888, 0.0328112, 0.0968782, 0.0262976, 0.0868372, 0.0204348, 0.0776645, 0.0152, 0.0692684, 0.0105727, 0.0615651, 0.00653449, 0.0544773, 0.00306908, 0.0479344, 0.00016204, 0.0418708, -0.00219905, 0.0362259, -0.00402469, 0.0309433, -0.0053235, 0.0259701, -0.00610223, 0.0212566, -0.00636579, 0.0167557, -0.00611725, 0.0124223, -0.00535787, 0.00821317, -0.00408709, 0.00408615, -0.00230253
4.43159, 0.956549, -0.0750454, 0.706858, 0.452651, 0.406858, 0.452651, -0.434092, -0.0434509, -0.0750454, 4.86569, 1, 0, 0.3, 0, 0.406858, 0.452651, 0.406858, 0.41869, 0.406858, 0.386713, 0.406858, 0.356619, 0.406859, 0.328309, 0.406858, 0.301693, 0.406858, 0.276683, 0.40686, 0.253197, 0.406855, 0.231156, 0.406861, 0.210487, 0.406857, 0.191121, 0.397826, 0.172992, 0.359743, 0.156039, 0.325253, 0.140202, 0.294018, 0.125428, 0.265722, 0.111663, 0.240083, 0.0988617, 0.216846, 0.0869767, 0.195776, 0.075966, 0.176665, 0.0657901, 0.15932, 0.056412, 0.143569, 0.0477972, 0.129253, 0.0399141, 0.116229, 0.032733, 0.104368, 0.026227, 0.0935509, 0.0203713, 0.083669, 0.0151431, 0.0746238, 0.010522, 0.0663249, 0.00648966, 0.0586892, 0.0030297, 0.0516404, 0.000127768, 0.045108, -0.00222856, 0.0390267, -0.00404977, 0.0333357, -0.00534446, 0.027978, -0.00611937, 0.0229, -0.0063794, 0.0180511, -0.00612762, 0.0133827, -0.00536526, 0.00884816, -0.00409176, 0.00440207, -0.00230474
4.4315, 0.956548, -0.0749148, 0.706858, 0.452163, 0.406858, 0.452163, -0.449183, -0.0434524, -0.0749148, 4.88069, 1, 0, 0.3, 0, 0.406858, 0.452163, 0.406859, 0.418232, 0.406859, 0.386284, 0.406858, 0.356218, 0.406859, 0.327934, 0.40686, 0.301343, 0.406855, 0.276356, 0.406861, 0.252891, 0.406858, 0.230871, 0.406855, 0.210222, 0.406863, 0.190875, 0.406855, 0.172763, 0.387394, 0.155826, 0.350258, 0.140005, 0.316619, 0.125245, 0.286149, 0.111495, 0.258539, 0.0987066, 0.233515, 0.086834, 0.210826, 0.075835, 0.190246, 0.0656701, 0.171568, 0.0563023, 0.154605, 0.0476973, 0.139189, 0.0398233, 0.125164, 0.0326509, 0.112391, 0.026153, 0.100743, 0.0203048, 0.090101, 0.0150837, 0.0803605, 0.0104693, 0.0714236, 0.00644321, 0.0632009, 0.00298906, 0.0556102, 9.25303e-05, 0.0485757, -0.00225877, 0.0420268, -0.00407532, 0.0358983, -0.0053657, 0.0301287, -0.00613665, 0.0246605, -0.00639304, 0.0194388, -0.00613793, 0.0144115, -0.00537255, 0.00952835, -0.00409634, 0.00474048, -0.00230689
4.43121, 0.956481, -0.0745633, 0.706858, 0.451095, 0.406858, 0.451095, -0.464471, -0.0435193, -0.0745633, 4.89569, 1, 0, 0.3, 0, 0.406858, 0.451095, 0.406858, 0.417223, 0.406859, 0.385332, 0.406858, 0.355318, 0.406858, 0.327086, 0.40686, 0.300542, 0.406857, 0.275601, 0.406856, 0.25218, 0.406865, 0.230201, 0.406849, 0.209592, 0.406866, 0.190282, 0.406854, 0.172206, 0.40686, 0.155303, 0.377255, 0.139514, 0.341027, 0.124785, 0.308206, 0.111064, 0.278469, 0.0983034, 0.251516, 0.0864573, 0.227078, 0.0754836, 0.204911, 0.0653428, 0.184793, 0.055998, 0.166523, 0.047415, 0.149918, 0.0395619, 0.134813, 0.0324095, 0.121055, 0.0259307, 0.108508, 0.0201008, 0.0970465, 0.0148972, 0.0865551, 0.0102995, 0.0769293, 0.0062895, 0.0680728, 0.00285079, 0.059897, -3.09003e-05, 0.0523201, -0.00236793, 0.0452665, -0.00417072, 0.0386655, -0.00544784, 0.0324512, -0.00620597, 0.0265614, -0.00644995, 0.0209372, -0.00618282, 0.0155225, -0.00540578, 0.0102628, -0.00411821, 0.00510591, -0.00231769
4.43096, 0.9565, -0.0740665, 0.706858, 0.449141, 0.406858, 0.449141, -0.479721, -0.0434997, -0.0740665, 4.91069, 1, 0, 0.3, 0, 0.406858, 0.449141, 0.406858, 0.415395, 0.406859, 0.383622, 0.406859, 0.353721, 0.406857, 0.325594, 0.406858, 0.299151, 0.406861, 0.274305, 0.406855, 0.250974, 0.406858, 0.22908, 0.406864, 0.20855, 0.406849, 0.189316, 0.406867, 0.171311, 0.406854, 0.154475, 0.406017, 0.13875, 0.367032, 0.124081, 0.331704, 0.110416, 0.299702, 0.097708, 0.270693, 0.0859118, 0.244392, 0.0749849, 0.220535, 0.0648882, 0.198883, 0.0555847, 0.17922, 0.0470405, 0.161349, 0.0392238, 0.145092, 0.0321054, 0.130285, 0.0256584, 0.116782, 0.0198582, 0.104446, 0.0146823, 0.0931547, 0.0101104, 0.0827949, 0.00612433, 0.0732631, 0.00270777, 0.0644639, -0.000153472, 0.0563094, -0.00247169, 0.0487179, -0.00425725, 0.0416137, -0.00551865, 0.0349255, -0.00626254, 0.0285867, -0.00649373, 0.0225336, -0.00621518, 0.016706, -0.00542808, 0.0110453, -0.00413178, 0.00549521, -0.00232384
4.43049, 0.956556, -0.0736364, 0.706859, 0.447299, 0.406859, 0.447299, -0.495199, -0.0434443, -0.0736364, 4.92569, 1, 0, 0.3, 0, 0.406859, 0.447299, 0.406858, 0.413677, 0.406859, 0.38202, 0.406859, 0.352229, 0.406858, 0.324206, 0.406857, 0.297861, 0.40686, 0.273107, 0.40686, 0.249862, 0.406852, 0.228051, 0.406866, 0.207598, 0.406857, 0.188437, 0.406852, 0.170501, 0.406868, 0.15373, 0.406853, 0.138065, 0.396083, 0.123453, 0.357973, 0.109842, 0.323429, 0.0971842, 0.292127, 0.0854352, 0.263743, 0.0745527, 0.237996, 0.0644974, 0.21463, 0.0552327, 0.19341, 0.0467246, 0.174124, 0.0389416, 0.15658, 0.0318546, 0.140601, 0.0254368, 0.126028, 0.0196636, 0.112716, 0.0145127, 0.10053, 0.00996386, 0.0893504, 0.00599886, 0.0790639, 0.00260158, 0.069568, -0.000242143, 0.0607678, -0.00254453, 0.0525753, -0.00431592, 0.0449085, -0.00556474, 0.0376909, -0.00629762, 0.0308501, -0.0065193, 0.0243178, -0.00623275, 0.0180288, -0.0054391, 0.0119199, -0.00413771, 0.00593032, -0.00232609
4.42995, 0.956662, -0.0732601, 0.706859, 0.445466, 0.406859, 0.445466, -0.510739, -0.0433384, -0.0732601, 4.94069, 1, 0, 0.3, 0, 0.406859, 0.445466, 0.406858, 0.411972, 0.406858, 0.380437, 0.406859, 0.35076, 0.406859, 0.322845, 0.406857, 0.296602, 0.406857, 0.271944, 0.406863, 0.24879, 0.406855, 0.227063, 0.406853, 0.20669, 0.406874, 0.187604, 0.40684, 0.169738, 0.406871, 0.153033, 0.406853, 0.137431, 0.40686, 0.122876, 0.38614, 0.10932, 0.34889, 0.0967133, 0.315116, 0.0850118, 0.284501, 0.0741736, 0.256728, 0.0641596, 0.231523, 0.0549332, 0.208633, 0.0464607, 0.187829, 0.0387107, 0.168904, 0.031654, 0.151667, 0.0252641, 0.135948, 0.0195165, 0.121587, 0.0143889, 0.108443, 0.00986122, 0.0963829, 0.00591527, 0.0852868, 0.00253502, 0.0750435, -0.000293638, 0.0655507, -0.00258287, 0.0567134, -0.00434296, 0.0484432, -0.00558232, 0.0406574, -0.0063075, 0.0332782, -0.00652325, 0.0262318, -0.0062325, 0.0194478, -0.00543636, 0.012858, -0.00413418, 0.00639709, -0.00232348
4.4296, 0.956756, -0.073119, 0.706858, 0.444567, 0.406858, 0.444567, -0.526087, -0.0432445, -0.073119, 4.95569, 1, 0, 0.3, 0, 0.406858, 0.444567, 0.406858, 0.411141, 0.406858, 0.379671, 0.406858, 0.350054, 0.406859, 0.322196, 0.406859, 0.296007, 0.406856, 0.271399, 0.40686, 0.248292, 0.406862, 0.226609, 0.406848, 0.206278, 0.406866, 0.187231, 0.406864, 0.169402, 0.406835, 0.15273, 0.406891, 0.137159, 0.406829, 0.122635, 0.406874, 0.109106, 0.375693, 0.0965247, 0.339332, 0.0848469, 0.306357, 0.0740306, 0.276452, 0.0640367, 0.24931, 0.0548289, 0.224662, 0.0463735, 0.20226, 0.038639, 0.18188, 0.0315965, 0.16332, 0.0252193, 0.146392, 0.0194831, 0.130929, 0.0143657, 0.116774, 0.00984688, 0.103788, 0.00590864, 0.0918392, 0.00253493, 0.080809, -0.000288321, 0.0705868, -0.00257327, 0.0610705, -0.00433017, 0.0521649, -0.00556742, 0.043781, -0.00629156, 0.0358349, -0.00650733, 0.0282471, -0.00621764, 0.0209419, -0.00542363, 0.0138459, -0.00412463, 0.00688856, -0.00231817
4.42945, 0.956754, -0.0728663, 0.706859, 0.443619, 0.406858, 0.443619, -0.541238, -0.0432465, -0.0728663, 4.97069, 1, 0, 0.3, 0, 0.406858, 0.443619, 0.406858, 0.410253, 0.406859, 0.378839, 0.406858, 0.349276, 0.406859, 0.321469, 0.40686, 0.295326, 0.406857, 0.270764, 0.406855, 0.247699, 0.406864, 0.226057, 0.406859, 0.205764, 0.406847, 0.186753, 0.406875, 0.168958, 0.406848, 0.152319, 0.406857, 0.136778, 0.406867, 0.122282, 0.406853, 0.10878, 0.404056, 0.0962245, 0.364965, 0.0845708, 0.329492, 0.0737771, 0.297333, 0.0638046, 0.268141, 0.054617, 0.24163, 0.0461804, 0.217536, 0.0384637, 0.195617, 0.0314379, 0.175655, 0.0250764, 0.157449, 0.0193549, 0.140817, 0.0142513, 0.125594, 0.00974536, 0.111627, 0.00581916, 0.0987757, 0.00245668, 0.0869123, -0.000356113, 0.0759181, -0.00263135, 0.0656831, -0.00437925, 0.0561049, -0.00560819, 0.0470877, -0.00632468, 0.0385415, -0.00653344, 0.0303805, -0.00623737, 0.0225236, -0.00543757, 0.0148916, -0.00413335, 0.00740886, -0.00232225
4.42946, 0.956756, -0.0728744, 0.706858, 0.443642, 0.406858, 0.443642, -0.55623, -0.0432444, -0.0728744, 4.98569, 1, 0, 0.3, 0, 0.406858, 0.443642, 0.406858, 0.410275, 0.406859, 0.378859, 0.406858, 0.349295, 0.406858, 0.321487, 0.40686, 0.295344, 0.406859, 0.27078, 0.406855, 0.247715, 0.406858, 0.226072, 0.406867, 0.205778, 0.406848, 0.186766, 0.406855, 0.16897, 0.40688, 0.15233, 0.406828, 0.136789, 0.406883, 0.122292, 0.406845, 0.10879, 0.406864, 0.0962337, 0.392667, 0.0845794, 0.354531, 0.0737852, 0.31991, 0.0638122, 0.288507, 0.0546241, 0.259982, 0.046187, 0.234058, 0.0384698, 0.210475, 0.0314436, 0.188996, 0.0250817, 0.169407, 0.0193598, 0.151513, 0.0142558, 0.135133, 0.00974949, 0.120105, 0.00582293, 0.106278, 0.0024601, 0.0935134, -0.00035304, 0.0816842, -0.00262861, 0.0706718, -0.00437684, 0.0603661, -0.0056061, 0.0506641, -0.0063229, 0.0414687, -0.00653197, 0.032688, -0.0062362, 0.0242344, -0.00543669, 0.0160226, -0.00413277, 0.00797159, -0.00232197
4.42946, 0.956756, -0.0728744, 0.706858, 0.443642, 0.406858, 0.443642, -0.57123, -0.0432444, -0.0728744, 5.00069, 1, 0, 0.3, 0, 0.406858, 0.443642, 0.406858, 0.410275, 0.406859, 0.378859, 0.406858, 0.349295, 0.406858, 0.321487, 0.406859, 0.295344, 0.40686, 0.27078, 0.406857, 0.247715, 0.406854, 0.226072, 0.406865, 0.205778, 0.406862, 0.186766, 0.406839, 0.16897, 0.406878, 0.15233, 0.406859, 0.136789, 0.406831, 0.122292, 0.4069, 0.10879, 0.406822, 0.0962337, 0.406877, 0.0845794, 0.381078, 0.0737852, 0.343888, 0.0638122, 0.310114, 0.0546241, 0.279458, 0.046187, 0.251592, 0.0384698, 0.226241, 0.0314436, 0.203154, 0.0250817, 0.182098, 0.0193598, 0.162863, 0.0142558, 0.145256, 0.00974949, 0.129102, 0.00582293, 0.114239, 0.0024601, 0.100519, -0.00035304, 0.0878032, -0.00262861, 0.0759658, -0.00437684, 0.0648882, -0.0056061, 0.0544594, -0.0063229, 0.0445752, -0.00653197, 0.0351366, -0.0062362, 0.0260498, -0.00543669, 0.0172228, -0.00413277, 0.00856875, -0.00232197
4.42946, 0.956756, -0.0728744, 0.706858, 0.443642, 0.406858, 0.443642, -0.58623, -0.0432444, -0.0728744, 5.01569, 1, 0, 0.3, 0, 0.406858, 0.443642, 0.406858, 0.410275, 0.406859, 0.378859, 0.406858, 0.349295, 0.406858, 0.321487, 0.406858, 0.295344, 0.40686, 0.27078, 0.40686, 0.247715, 0.406854, 0.226072, 0.406856, 0.205778, 0.406869, 0.186766, 0.406852, 0.16897, 0.406848, 0.15233, 0.406881, 0.136789, 0.406834, 0.122292, 0.406878, 0.10879, 0.406844, 0.0962337, 0.406867, 0.0845794, 0.406853, 0.0737852, 0.369231, 0.0638122, 0.332981, 0.0546241, 0.30006, 0.046187, 0.270139, 0.0384698, 0.24292, 0.0314436, 0.21813, 0.0250817, 0.195522, 0.0193598, 0.174869, 0.0142558, 0.155964, 0.00974949, 0.138619, 0.00582293, 0.122661, 0.0024601, 0.107929, -0.00035304, 0.0942759, -0.00262861, 0.0815659, -0.00437684, 0.0696716, -0.0056061, 0.058474, -0.00632291, 0.0478612, -0.00653197, 0.0377268, -0.0062362, 0.0279702, -0.00543669, 0.0184923, -0.00413277, 0.00920044, -0.00232197
4.42945, 0.956753, -0.0728663, 0.706858, 0.44362, 0.406858, 0.44362, -0.601238, -0.0432465, -0.0728663, 5.03069, 1, 0, 0.3, 0, 0.406858, 0.44362, 0.406858, 0.410253, 0.406859, 0.378839, 0.406858, 0.349276, 0.406858, 0.321469, 0.406857, 0.295327, 0.406858, 0.270764, 0.406862, 0.2477, 0.406858, 0.226057, 0.406851, 0.205764, 0.406865, 0.186753, 0.406867, 0.168958, 0.406839, 0.152319, 0.406868, 0.136778, 0.406874, 0.122282, 0.406827, 0.10878, 0.406887, 0.0962245, 0.406843, 0.0845708, 0.406864, 0.0737771, 0.39696, 0.0638046, 0.358019, 0.0546169, 0.322598, 0.0461804, 0.290439, 0.0384637, 0.261175, 0.0314379, 0.234522, 0.0250764, 0.210214, 0.0193549, 0.188009, 0.0142513, 0.167684, 0.00974533, 0.149036, 0.00581913, 0.131878, 0.00245666, 0.116039, -0.00035614, 0.10136, -0.00263138, 0.0876954, -0.00437928, 0.0749072, -0.00560821, 0.0628682, -0.00632471, 0.0514578, -0.00653346, 0.0405619, -0.00623738, 0.0300722, -0.00543758, 0.0198819, -0.00413336, 0.00989188, -0.00232226
4.42946, 0.956756, -0.0728744, 0.706858, 0.443642, 0.406858, 0.443642, -0.61623, -0.0432444, -0.0728744, 5.04569, 1, 0, 0.3, 0, 0.406858, 0.443642, 0.406858, 0.410275, 0.406859, 0.378859, 0.406858, 0.349295, 0.406859, 0.321487, 0.406858, 0.295344, 0.406857, 0.27078, 0.40686, 0.247715, 0.406861, 0.226072, 0.406853, 0.205778, 0.406855, 0.186766, 0.406872, 0.16897, 0.406852, 0.15233, 0.40684, 0.136789, 0.406891, 0.122292, 0.406842, 0.10879, 0.406843, 0.0962337, 0.406895, 0.0845794, 0.406824, 0.0737852, 0.406876, 0.0638122, 0.384625, 0.0546241, 0.346624, 0.046187, 0.312039, 0.0384698, 0.280604, 0.0314436, 0.251969, 0.0250817, 0.225853, 0.0193598, 0.201996, 0.0142558, 0.180159, 0.00974949, 0.160124, 0.00582293, 0.141689, 0.0024601, 0.124672, -0.00035304, 0.108901, -0.00262861, 0.0942194, -0.00437684, 0.0804799, -0.0056061, 0.0675452, -0.00632291, 0.055286, -0.00653197, 0.0435794, -0.0062362, 0.0323095, -0.00543669, 0.0213609, -0.00413277, 0.0106278, -0.00232197
4.42946, 0.956756, -0.0728744, 0.706858, 0.443642, 0.406858, 0.443642, -0.63123, -0.0432444, -0.0728744, 5.06069, 1, 0, 0.3, 0, 0.406858, 0.443642, 0.406858, 0.410275, 0.406858, 0.378859, 0.406858, 0.349295, 0.406859, 0.321487, 0.406858, 0.295344, 0.406856, 0.27078, 0.406858, 0.247715, 0.406862, 0.226072, 0.406858, 0.205778, 0.406851, 0.186766, 0.406863, 0.16897, 0.406867, 0.15233, 0.406841, 0.136789, 0.406866, 0.122292, 0.406871, 0.10879, 0.406827, 0.0962337, 0.40689, 0.0845794, 0.406841, 0.0737852, 0.406858, 0.0638122, 0.40686, 0.0546241, 0.371925, 0.046187, 0.33485, 0.0384698, 0.301102, 0.0314436, 0.270375, 0.0250817, 0.242352, 0.0193598, 0.216752, 0.0142558, 0.193319, 0.00974949, 0.17182, 0.00582293, 0.152039, 0.0024601, 0.133779, -0.00035304, 0.116856, -0.00262861, 0.101102, -0.00437684, 0.0863588, -0.0056061, 0.0724793, -0.00632291, 0.0593245, -0.00653197, 0.0467628, -0.0062362, 0.0346697, -0.00543669, 0.0229211, -0.00413277, 0.0114042, -0.00232197
4.42945, 0.956753, -0.0728663, 0.706859, 0.44362, 0.406859, 0.44362, -0.646238, -0.0432465, -0.0728663, 5.07569, 1, 0, 0.3, 0, 0.406859, 0.44362, 0.406858, 0.410253, 0.406859, 0.378839, 0.406858, 0.349276, 0.406859, 0.321469, 0.406859, 0.295327, 0.406857, 0.270764, 0.406857, 0.2477, 0.406861, 0.226057, 0.406862, 0.205764, 0.406852, 0.186753, 0.406853, 0.168958, 0.406873, 0.152319, 0.406857, 0.136778, 0.406838, 0.122282, 0.406879, 0.10878, 0.406863, 0.0962245, 0.406829, 0.0845708, 0.40689, 0.0737771, 0.406839, 0.0638046, 0.406866, 0.0546169, 0.399256, 0.0461804, 0.359498, 0.0384637, 0.323238, 0.0314379, 0.290264, 0.0250764, 0.260179, 0.0193549, 0.232696, 0.0142513, 0.20754, 0.00974533, 0.184459, 0.00581913, 0.163223, 0.00245666, 0.143619, -0.00035614, 0.125452, -0.00263138, 0.108539, -0.00437928, 0.0927113, -0.00560821, 0.0778108, -0.00632471, 0.0636883, -0.00653346, 0.0502026, -0.00623738, 0.0372201, -0.00543758, 0.024607, -0.00413336, 0.0122432, -0.00232226
4.42945, 0.956753, -0.0728663, 0.706858, 0.44362, 0.406858, 0.44362, -0.661238, -0.0432465, -0.0728663, 5.09069, 1, 0, 0.3, 0, 0.406858, 0.44362, 0.406858, 0.410253, 0.406859, 0.378839, 0.406857, 0.349276, 0.406859, 0.321469, 0.406859, 0.295327, 0.406858, 0.270764, 0.406856, 0.2477, 0.406859, 0.226057, 0.406863, 0.205764, 0.406857, 0.186753, 0.406849, 0.168958, 0.406865, 0.152319, 0.40687, 0.136778, 0.40684, 0.122282, 0.406854, 0.10878, 0.406886, 0.0962245, 0.406842, 0.0845708, 0.406834, 0.0737771, 0.406916, 0.0638046, 0.406798, 0.0546169, 0.40689, 0.0461804, 0.385855, 0.0384637, 0.347019, 0.0314379, 0.311573, 0.0250764, 0.279286, 0.0193549, 0.249786, 0.0142513, 0.222782, 0.00974533, 0.198006, 0.00581913, 0.175211, 0.00245666, 0.154167, -0.00035614, 0.134665, -0.00263138, 0.11651, -0.00437928, 0.0995202, -0.00560821, 0.0835254, -0.00632471, 0.0683658, -0.00653346, 0.0538896, -0.00623738, 0.0399538, -0.00543758, 0.026414, -0.00413336, 0.0131424, -0.00232226
4.42945, 0.956753, -0.0728663, 0.706859, 0.44362, 0.406859, 0.44362, -0.676237, -0.0432465, -0.0728663, 5.10569, 1, 0, 0.3, 0, 0.406859, 0.44362, 0.406858, 0.410253, 0.406859, 0.378839, 0.406858, 0.349276, 0.406859, 0.321469, 0.40686, 0.295327, 0.406859, 0.270764, 0.406857, 0.2477, 0.406857, 0.226057, 0.406861, 0.205764, 0.406863, 0.186753, 0.406853, 0.168958, 0.406853, 0.152319, 0.406871, 0.136778, 0.406858, 0.122282, 0.406843, 0.10878, 0.40687, 0.0962245, 0.406868, 0.0845708, 0.406821, 0.0737771, 0.406911, 0.0638046, 0.406811, 0.0546169, 0.406884, 0.0461804, 0.406846, 0.0384637, 0.371881, 0.0314379, 0.333956, 0.0250764, 0.29933, 0.0193549, 0.267712, 0.0142513, 0.23877, 0.00974533, 0.212216, 0.00581913, 0.187785, 0.00245666, 0.165231, -0.00035614, 0.14433, -0.00263138, 0.124872, -0.00437928, 0.106662, -0.00560821, 0.0895196, -0.00632471, 0.073272, -0.00653346, 0.0577569, -0.00623738, 0.0428213, -0.00543758, 0.0283092, -0.00413336, 0.0140856, -0.00232226
4.42945, 0.956753, -0.0728663, 0.706859, 0.44362, 0.406859, 0.44362, -0.691238, -0.0432465, -0.0728663, 5.12069, 1, 0, 0.3, 0, 0.406859, 0.44362, 0.406858, 0.410253, 0.406859, 0.378839, 0.406858, 0.349276, 0.406858, 0.321469, 0.406859, 0.295327, 0.406859, 0.270764, 0.406858, 0.2477, 0.406856, 0.226057, 0.406859, 0.205764, 0.406864, 0.186753, 0.406858, 0.168958, 0.406848, 0.152319, 0.406864, 0.136778, 0.40687, 0.122282, 0.406847, 0.10878, 0.406848, 0.0962245, 0.406876, 0.0845708, 0.406869, 0.0737771, 0.406807, 0.0638046, 0.406927, 0.0546169, 0.406803, 0.0461804, 0.406884, 0.0384637, 0.398628, 0.0314379, 0.358027, 0.0250764, 0.320865, 0.0193549, 0.286985, 0.0142513, 0.255961, 0.00974533, 0.227495, 0.00581913, 0.201304, 0.00245666, 0.177127, -0.00035614, 0.154721, -0.00263138, 0.133862, -0.00437928, 0.114341, -0.00560821, 0.0959646, -0.00632471, 0.0785472, -0.00653346, 0.0619151, -0.00623738, 0.0459044, -0.00543758, 0.0303472, -0.00413336, 0.0150998, -0.00232226
4.42944, 0.956751, -0.0728577, 0.706859, 0.443596, 0.406859, 0.443596, -0.706246, -0.0432488, -0.0728577, 5.13569, 1, 0, 0.3, 0, 0.406859, 0.443596, 0.406858, 0.410231, 0.406859, 0.378818, 0.406858, 0.349256, 0.406859, 0.32145, 0.406859, 0.295308, 0.406859, 0.270747, 0.406859, 0.247683, 0.406857, 0.226042, 0.406857, 0.20575, 0.406862, 0.186739, 0.406862, 0.168945, 0.406851, 0.152306, 0.406854, 0.136766, 0.40687, 0.122271, 0.406862, 0.10877, 0.406839, 0.0962148, 0.406857, 0.0845616, 0.406903, 0.0737685, 0.406797, 0.0637966, 0.406886, 0.0546094, 0.406882, 0.0461734, 0.40681, 0.0384571, 0.406886, 0.0314317, 0.383646, 0.0250707, 0.343947, 0.0193497, 0.307572, 0.0142464, 0.274328, 0.00974089, 0.243821, 0.00581508, 0.21575, 0.00245298, 0.189838, -0.000359452, 0.165824, -0.00263433, 0.143468, -0.00438189, 0.122547, -0.00561048, 0.102851, -0.00632664, 0.0841839, -0.00653506, 0.0663582, -0.00623866, 0.0491988, -0.00543853, 0.0325244, -0.00413399, 0.0161836, -0.00232258
4.42944, 0.956751, -0.0728577, 0.706861, 0.443596, 0.40686, 0.443596, -0.721245, -0.0432488, -0.0728577, 5.15069, 1, 0, 0.3, 0, 0.40686, 0.443596, 0.40686, 0.410231, 0.406861, 0.378818, 0.40686, 0.349256, 0.40686, 0.32145, 0.40686, 0.295308, 0.406861, 0.270747, 0.406862, 0.247683, 0.40686, 0.226042, 0.406857, 0.20575, 0.406861, 0.186739, 0.406867, 0.168945, 0.406858, 0.152306, 0.406849, 0.136766, 0.406866, 0.122271, 0.40687, 0.10877, 0.406852, 0.0962148, 0.406849, 0.0845616, 0.406864, 0.0737685, 0.406886, 0.0637966, 0.40681, 0.0546094, 0.406914, 0.0461734, 0.406799, 0.0384571, 0.406919, 0.0314317, 0.406823, 0.0250707, 0.367822, 0.0193497, 0.328989, 0.0142464, 0.293424, 0.00974089, 0.260792, 0.00581508, 0.230768, 0.00245298, 0.203052, -0.000359452, 0.177366, -0.00263433, 0.153454, -0.00438189, 0.131077, -0.00561048, 0.11001, -0.00632664, 0.0900438, -0.00653506, 0.0709773, -0.00623866, 0.0526237, -0.00543853, 0.034788, -0.00413399, 0.0173105, -0.00232258
4.42943, 0.956749, -0.0728496, 0.706859, 0.443574, 0.406859, 0.443574, -0.736254, -0.0432509, -0.0728496, 5.16569, 1, 0, 0.3, 0, 0.406859, 0.443574, 0.406859, 0.41021, 0.40686, 0.378798, 0.406859, 0.349237, 0.406859, 0.321432, 0.406859, 0.295291, 0.406859, 0.27073, 0.40686, 0.247668, 0.40686, 0.226027, 0.406857, 0.205736, 0.406858, 0.186726, 0.406863, 0.168932, 0.406862, 0.152295, 0.406852, 0.136756, 0.406856, 0.122261, 0.406867, 0.10876, 0.406868, 0.0962057, 0.406845, 0.084553, 0.406838, 0.0737604, 0.406919, 0.063789, 0.406807, 0.0546023, 0.406857, 0.0461667, 0.406908, 0.0384509, 0.4068, 0.031426, 0.406889, 0.0250654, 0.39375, 0.0193447, 0.352266, 0.0142419, 0.314116, 0.00973673, 0.279195, 0.00581128, 0.247055, 0.00244953, 0.217382, -0.000362552, 0.189883, -0.0026371, 0.164284, -0.00438432, 0.140327, -0.0056126, 0.117774, -0.00632844, 0.0963983, -0.00653655, 0.0759862, -0.00623984, 0.0563377, -0.00543942, 0.0372426, -0.00413458, 0.0185321, -0.00232287
4.42943, 0.956749, -0.0728496, 0.70686, 0.443574, 0.40686, 0.443574, -0.751254, -0.0432509, -0.0728496, 5.18069, 1, 0, 0.3, 0, 0.40686, 0.443574, 0.40686, 0.41021, 0.406861, 0.378798, 0.40686, 0.349237, 0.406861, 0.321432, 0.40686, 0.295291, 0.40686, 0.27073, 0.406861, 0.247668, 0.406862, 0.226027, 0.406859, 0.205736, 0.406857, 0.186726, 0.406861, 0.168932, 0.406866, 0.152295, 0.406857, 0.136756, 0.406852, 0.122261, 0.406864, 0.10876, 0.406867, 0.0962057, 0.406855, 0.084553, 0.406841, 0.0737604, 0.406883, 0.063789, 0.406873, 0.0546023, 0.406785, 0.0461667, 0.406961, 0.0384509, 0.406781, 0.031426, 0.406891, 0.0250654, 0.406847, 0.0193447, 0.376457, 0.0142419, 0.33584, 0.00973673, 0.298451, 0.00581128, 0.264095, 0.00244953, 0.232377, -0.000362552, 0.202981, -0.0026371, 0.175616, -0.00438432, 0.150007, -0.0056126, 0.125898, -0.00632844, 0.103048, -0.00653655, 0.0812276, -0.00623984, 0.0602241, -0.00543942, 0.0398107, -0.00413458, 0.0198107, -0.00232287
4.42943, 0.956749, -0.0728496, 0.70686, 0.443574, 0.40686, 0.443574, -0.766253, -0.0432509, -0.0728496, 5.19569, 1, 0, 0.3, 0, 0.40686, 0.443574, 0.406859, 0.41021, 0.406861, 0.378798, 0.406859, 0.349237, 0.40686, 0.321432, 0.40686, 0.295291, 0.406859, 0.27073, 0.40686, 0.247668, 0.406861, 0.226027, 0.40686, 0.205736, 0.406857, 0.186726, 0.406859, 0.168932, 0.406865, 0.152295, 0.406861, 0.136756, 0.406852, 0.122261, 0.406858, 0.10876, 0.406863, 0.0962057, 0.40687, 0.084553, 0.406851, 0.0737604, 0.406827, 0.063789, 0.406926, 0.0546023, 0.406812, 0.0461667, 0.406847, 0.0384509, 0.406914, 0.031426, 0.406802, 0.0250654, 0.406885, 0.0193447, 0.401818, 0.0142419, 0.358533, 0.00973673, 0.318569, 0.00581128, 0.28191, 0.00244953, 0.248055, -0.000362552, 0.216676, -0.0026371, 0.187464, -0.00438432, 0.160127, -0.0056126, 0.134392, -0.00632844, 0.11, -0.00653655, 0.0867076, -0.00623984, 0.0642875, -0.00543942, 0.0424962, -0.00413458, 0.0211475, -0.00232287
4.42943, 0.956749, -0.0728496, 0.706861, 0.443574, 0.406861, 0.443574, -0.781253, -0.0432509, -0.0728496, 5.21069, 1, 0, 0.3, 0, 0.406861, 0.443574, 0.406861, 0.41021, 0.406862, 0.378798, 0.40686, 0.349237, 0.406862, 0.321432, 0.406861, 0.295291, 0.40686, 0.27073, 0.406861, 0.247668, 0.406862, 0.226027, 0.406862, 0.205736, 0.406859, 0.186726, 0.406858, 0.168932, 0.406863, 0.152295, 0.406865, 0.136756, 0.406858, 0.122261, 0.406854, 0.10876, 0.40686, 0.0962057, 0.406874, 0.084553, 0.40686, 0.0737604, 0.406821, 0.063789, 0.406902, 0.0546023, 0.406875, 0.0461667, 0.406781, 0.0384509, 0.406938, 0.031426, 0.406835, 0.0250654, 0.406834, 0.0193447, 0.406877, 0.0142419, 0.382728, 0.00973673, 0.340288, 0.00581128, 0.301045, 0.00244953, 0.264894, -0.000362552, 0.231388, -0.0026371, 0.200193, -0.00438432, 0.171, -0.0056126, 0.143517, -0.00632844, 0.117469, -0.00653655, 0.0925949, -0.00623984, 0.068653, -0.00543942, 0.0453806, -0.00413458, 0.0225838, -0.00232287
4.42943, 0.956749, -0.0728496, 0.706865, 0.443574, 0.406865, 0.443574, -0.796254, -0.0432509, -0.0728496, 5.22569, 1, 0, 0.3, 0, 0.406865, 0.443574, 0.406864, 0.41021, 0.406865, 0.378798, 0.406864, 0.349237, 0.406865, 0.321432, 0.406865, 0.295291, 0.406863, 0.27073, 0.406864, 0.247668, 0.406865, 0.226027, 0.406866, 0.205736, 0.406863, 0.186726, 0.40686, 0.168932, 0.406864, 0.152295, 0.406869, 0.136756, 0.406863, 0.122261, 0.406856, 0.10876, 0.406863, 0.0962057, 0.406864, 0.084553, 0.406875, 0.0737604, 0.406854, 0.063789, 0.406828, 0.0546023, 0.406931, 0.0461667, 0.406818, 0.0384509, 0.406846, 0.031426, 0.40691, 0.0250654, 0.4068, 0.0193447, 0.406927, 0.0142419, 0.406817, 0.00973673, 0.362277, 0.00581128, 0.320531, 0.00244953, 0.282059, -0.000362552, 0.246383, -0.0026371, 0.213165, -0.00438432, 0.182079, -0.0056126, 0.152816, -0.00632844, 0.12508, -0.00653655, 0.0985945, -0.00623984, 0.0731015, -0.00543942, 0.0483208, -0.00413458, 0.0240481, -0.00232287
4.42943, 0.956749, -0.0728496, 0.706863, 0.443574, 0.406863, 0.443574, -0.811253, -0.0432509, -0.0728496, 5.24069, 1, 0, 0.3, 0, 0.406863, 0.443574, 0.406862, 0.41021, 0.406864, 0.378798, 0.406862, 0.349237, 0.406863, 0.321432, 0.406863, 0.295291, 0.406861, 0.27073, 0.406862, 0.247668, 0.406863, 0.226027, 0.406864, 0.205736, 0.406863, 0.186726, 0.406859, 0.168932, 0.40686, 0.152295, 0.406865, 0.136756, 0.406864, 0.122261, 0.406859, 0.10876, 0.406857, 0.0962057, 0.406856, 0.084553, 0.40688, 0.0737604, 0.406866, 0.063789, 0.406804, 0.0546023, 0.406921, 0.0461667, 0.406867, 0.0384509, 0.406784, 0.031426, 0.406929, 0.0250654, 0.406854, 0.0193447, 0.406816, 0.0142419, 0.406886, 0.00973673, 0.386159, 0.00581128, 0.341866, 0.00244953, 0.30072, -0.000362552, 0.262687, -0.0026371, 0.227276, -0.00438432, 0.194133, -0.0056126, 0.162932, -0.00632844, 0.13336, -0.00653655, 0.105121, -0.00623984, 0.0779415, -0.00543942, 0.0515179, -0.00413458, 0.0256399, -0.00232287
4.42942, 0.956747, -0.072841, 0.706866, 0.44355, 0.406866, 0.44355, -0.826261, -0.0432532, -0.072841, 5.25569, 1, 0, 0.3, 0, 0.406866, 0.44355, 0.406865, 0.410187, 0.406867, 0.378777, 0.406865, 0.349217, 0.406867, 0.321412, 0.406866, 0.295273, 0.406865, 0.270713, 0.406865, 0.247652, 0.406866, 0.226012, 0.406867, 0.205722, 0.406867, 0.186712, 0.406864, 0.16892, 0.406862, 0.152282, 0.406866, 0.136744, 0.406869, 0.12225, 0.406864, 0.10875, 0.40686, 0.096196, 0.406858, 0.0845439, 0.40687, 0.0737519, 0.406883, 0.0637809, 0.406835, 0.0545948, 0.406846, 0.0461597, 0.406919, 0.0384443, 0.40684, 0.0314199, 0.40682, 0.0250597, 0.40692, 0.0193395, 0.406824, 0.014237, 0.406886, 0.00973229, 0.406846, 0.00580723, 0.363221, 0.00244586, 0.319626, -0.000365865, 0.279197, -0.00264005, 0.241557, -0.00438693, 0.206332, -0.00561486, 0.17317, -0.00633037, 0.14174, -0.00653815, 0.111727, -0.00624112, 0.0828397, -0.00544037, 0.0547544, -0.00413521, 0.0272525, -0.00232319
4.42942, 0.956747, -0.072841, 0.706866, 0.44355, 0.406866, 0.44355, -0.841261, -0.0432532, -0.072841, 5.27069, 1, 0, 0.3, 0, 0.406866, 0.44355, 0.406866, 0.410187, 0.406867, 0.378777, 0.406865, 0.349217, 0.406867, 0.321412, 0.406866, 0.295273, 0.406865, 0.270713, 0.406865, 0.247652, 0.406865, 0.226012, 0.406866, 0.205722, 0.406867, 0.186712, 0.406865, 0.16892, 0.406861, 0.152282, 0.406864, 0.136744, 0.406869, 0.12225, 0.406864, 0.10875, 0.406861, 0.096196, 0.406862, 0.0845439, 0.406856, 0.0737519, 0.406884, 0.0637809, 0.406866, 0.0545948, 0.406802, 0.0461597, 0.406933, 0.0384443, 0.406866, 0.0314199, 0.406769, 0.0250597, 0.40696, 0.0193395, 0.406826, 0.014237, 0.406835, 0.00973229, 0.406878, 0.00580723, 0.386203, 0.00244586, 0.340019, -0.000365865, 0.296909, -0.00264005, 0.256888, -0.00438693, 0.219431, -0.00561486, 0.184164, -0.00633037, 0.150738, -0.00653815, 0.11882, -0.00624112, 0.0880988, -0.00544037, 0.0582295, -0.00413521, 0.0289823, -0.00232319
4.42942, 0.956747, -0.072841, 0.706869, 0.44355, 0.406868, 0.44355, -0.856261, -0.0432532, -0.072841, 5.28569, 1, 0, 0.3, 0, 0.406868, 0.44355, 0.406868, 0.410187, 0.406869, 0.378777, 0.406867, 0.349217, 0.406869, 0.321412, 0.406869, 0.295273, 0.406867, 0.270713, 0.406868, 0.247652, 0.406867, 0.226012, 0.406867, 0.205722, 0.406869, 0.186712, 0.406868, 0.16892, 0.406864, 0.152282, 0.406864, 0.136744, 0.406869, 0.12225, 0.40687, 0.10875, 0.406867, 0.096196, 0.406863, 0.0845439, 0.406851, 0.0737519, 0.40688, 0.0637809, 0.406888, 0.0545948, 0.406814, 0.0461597, 0.406877, 0.0384443, 0.406907, 0.0314199, 0.406835, 0.0250597, 0.406805, 0.0193395, 0.406977, 0.014237, 0.406777, 0.00973229, 0.40689, 0.00580723, 0.40686, 0.00244586, 0.360366, -0.000365865, 0.314786, -0.00264005, 0.272359, -0.00438693, 0.232643, -0.00561486, 0.195251, -0.00633037, 0.159813, -0.00653815, 0.125973, -0.00624112, 0.0934035, -0.00544037, 0.0617336, -0.00413521, 0.0307288, -0.00232319
4.42942, 0.956747, -0.072841, 0.706868, 0.44355, 0.406868, 0.44355, -0.871261, -0.0432532, -0.072841, 5.30069, 1, 0, 0.3, 0, 0.406868, 0.44355, 0.406867, 0.410187, 0.406868, 0.378777, 0.406866, 0.349217, 0.406868, 0.321412, 0.406868, 0.295273, 0.406867, 0.270713, 0.406867, 0.247652, 0.406866, 0.226012, 0.406866, 0.205722, 0.406868, 0.186712, 0.406868, 0.16892, 0.406865, 0.152282, 0.406863, 0.136744, 0.406866, 0.12225, 0.406868, 0.10875, 0.406866, 0.096196, 0.406864, 0.0845439, 0.406856, 0.0737519, 0.406863, 0.0637809, 0.406888, 0.0545948, 0.406847, 0.0461597, 0.406824, 0.0384443, 0.406924, 0.0314199, 0.406868, 0.0250597, 0.40675, 0.0193395, 0.407008, 0.014237, 0.40677, 0.00973229, 0.406875, 0.00580723, 0.40686, 0.00244586, 0.382234, -0.000365865, 0.334107, -0.00264005, 0.288963, -0.00438693, 0.24683, -0.00561486, 0.207163, -0.00633037, 0.169563, -0.00653815, 0.133658, -0.00624112, 0.0991024, -0.00544037, 0.065498, -0.00413521, 0.0326033, -0.00232319
4.42942, 0.956747, -0.072841, 0.706868, 0.44355, 0.406868, 0.44355, -0.886261, -0.0432532, -0.072841, 5.31569, 1, 0, 0.3, 0, 0.406868, 0.44355, 0.406867, 0.410187, 0.406869, 0.378777, 0.406866, 0.349217, 0.406868, 0.321412, 0.406868, 0.295273, 0.406867, 0.270713, 0.406867, 0.247652, 0.406866, 0.226012, 0.406866, 0.205722, 0.406867, 0.186712, 0.406869, 0.16892, 0.406866, 0.152282, 0.406863, 0.136744, 0.406865, 0.12225, 0.406869, 0.10875, 0.406867, 0.096196, 0.406866, 0.0845439, 0.406861, 0.0737519, 0.406848, 0.0637809, 0.406887, 0.0545948, 0.406886, 0.0461597, 0.406795, 0.0384443, 0.406898, 0.0314199, 0.406906, 0.0250597, 0.406799, 0.0193395, 0.406855, 0.014237, 0.406952, 0.00973229, 0.406749, 0.00580723, 0.406915, 0.00244586, 0.404165, -0.000365865, 0.353352, -0.00264005, 0.305554, -0.00438693, 0.261014, -0.00561486, 0.219071, -0.00633037, 0.179309, -0.00653815, 0.14134, -0.00624112, 0.104799, -0.00544037, 0.069262, -0.00413521, 0.0344774, -0.00232319
4.42942, 0.956747, -0.072841, 0.706871, 0.44355, 0.406871, 0.44355, -0.901262, -0.0432532, -0.072841, 5.33069, 1, 0, 0.3, 0, 0.406871, 0.44355, 0.406871, 0.410187, 0.406872, 0.378777, 0.40687, 0.349217, 0.406872, 0.321412, 0.406871, 0.295273, 0.40687, 0.270713, 0.406871, 0.247652, 0.40687, 0.226012, 0.406869, 0.205722, 0.40687, 0.186712, 0.406872, 0.16892, 0.40687, 0.152282, 0.406866, 0.136744, 0.406866, 0.12225, 0.40687, 0.10875, 0.406869, 0.096196, 0.40687, 0.0845439, 0.406869, 0.0737519, 0.40685, 0.0637809, 0.406875, 0.0545948, 0.406892, 0.0461597, 0.406823, 0.0384443, 0.406869, 0.0314199, 0.406905, 0.0250597, 0.406846, 0.0193395, 0.406775, 0.014237, 0.407054, 0.00973229, 0.406655, 0.00580723, 0.407, 0.00244586, 0.406794, -0.000365865, 0.373574, -0.00264005, 0.323438, -0.00438693, 0.276193, -0.00561486, 0.231805, -0.00633037, 0.189735, -0.00653815, 0.14956, -0.00624112, 0.110894, -0.00544037, 0.0732869, -0.00413521, 0.0364843, -0.00232319
4.42942, 0.956747, -0.072841, 0.70687, 0.44355, 0.40687, 0.44355, -0.916261, -0.0432532, -0.072841, 5.34569, 1, 0, 0.3, 0, 0.40687, 0.44355, 0.40687, 0.410187, 0.406871, 0.378777, 0.406869, 0.349217, 0.40687, 0.321412, 0.40687, 0.295273, 0.406869, 0.270713, 0.40687, 0.247652, 0.406869, 0.226012, 0.406868, 0.205722, 0.406868, 0.186712, 0.40687, 0.16892, 0.40687, 0.152282, 0.406867, 0.136744, 0.406865, 0.12225, 0.406868, 0.10875, 0.406869, 0.096196, 0.406869, 0.0845439, 0.406869, 0.0737519, 0.406853, 0.0637809, 0.40686, 0.0545948, 0.406898, 0.0461597, 0.406859, 0.0384443, 0.406809, 0.0314199, 0.406905, 0.0250597, 0.406922, 0.0193395, 0.406733, 0.014237, 0.406951, 0.00973229, 0.406874, 0.00580723, 0.406789, 0.00244586, 0.406901, -0.000365865, 0.394254, -0.00264005, 0.341429, -0.00438693, 0.291486, -0.00561486, 0.24465, -0.00633037, 0.200252, -0.00653815, 0.157849, -0.00624112, 0.117041, -0.00544037, 0.0773477, -0.00413521, 0.0385064, -0.00232319
4.42942, 0.956747, -0.072841, 0.706876, 0.44355, 0.406876, 0.44355, -0.931261, -0.0432532, -0.072841, 5.36069, 1, 0, 0.3, 0, 0.406876, 0.44355, 0.406875, 0.410187, 0.406877, 0.378777, 0.406874, 0.349217, 0.406876, 0.321412, 0.406875, 0.295273, 0.406874, 0.270713, 0.406875, 0.247652, 0.406875, 0.226012, 0.406873, 0.205722, 0.406873, 0.186712, 0.406875, 0.16892, 0.406875, 0.152282, 0.406873, 0.136744, 0.406869, 0.12225, 0.406871, 0.10875, 0.406874, 0.096196, 0.406873, 0.0845439, 0.406875, 0.0737519, 0.406865, 0.0637809, 0.40685, 0.0545948, 0.406892, 0.0461597, 0.406903, 0.0384443, 0.406801, 0.0314199, 0.406878, 0.0250597, 0.40691, 0.0193395, 0.406851, 0.014237, 0.406826, 0.00973229, 0.406941, 0.00580723, 0.406748, 0.00244586, 0.407001, -0.000365865, 0.406776, -0.00264005, 0.359576, -0.00438693, 0.307279, -0.00561486, 0.257875, -0.00633037, 0.211072, -0.00653815, 0.166379, -0.00624112, 0.123367, -0.00544037, 0.0815262, -0.00413521, 0.0405909, -0.00232319
4.42942, 0.956747, -0.072841, 0.706875, 0.44355, 0.406874, 0.44355, -0.946261, -0.0432532, -0.072841, 5.37569, 1, 0, 0.3, 0, 0.406874, 0.44355, 0.406874, 0.410187, 0.406875, 0.378777, 0.406873, 0.349217, 0.406875, 0.321412, 0.406874, 0.295273, 0.406873, 0.270713, 0.406874, 0.247652, 0.406874, 0.226012, 0.406872, 0.205722, 0.406871, 0.186712, 0.406873, 0.16892, 0.406874, 0.152282, 0.406872, 0.136744, 0.406868, 0.12225, 0.406869, 0.10875, 0.406872, 0.096196, 0.40687, 0.0845439, 0.406873, 0.0737519, 0.406871, 0.0637809, 0.406847, 0.0545948, 0.406879, 0.0461597, 0.406899, 0.0384443, 0.406821, 0.0314199, 0.406856, 0.0250597, 0.406916, 0.0193395, 0.406884, 0.014237, 0.406704, 0.00973229, 0.407091, 0.00580723, 0.406693, 0.00244586, 0.406926, -0.000365865, 0.40684, -0.00264005, 0.378771, -0.00438693, 0.323845, -0.00561486, 0.271674, -0.00633037, 0.222368, -0.00653815, 0.175287, -0.00624112, 0.129972, -0.00544037, 0.0858886, -0.00413521, 0.0427628, -0.00232319
4.42942, 0.956747, -0.072841, 0.706874, 0.44355, 0.406874, 0.44355, -0.961261, -0.0432532, -0.072841, 5.39069, 1, 0, 0.3, 0, 0.406874, 0.44355, 0.406873, 0.410187, 0.406875, 0.378777, 0.406872, 0.349217, 0.406874, 0.321412, 0.406873, 0.295273, 0.406872, 0.270713, 0.406873, 0.247652, 0.406873, 0.226012, 0.406872, 0.205722, 0.406871, 0.186712, 0.406872, 0.16892, 0.406873, 0.152282, 0.406872, 0.136744, 0.406869, 0.12225, 0.406868, 0.10875, 0.40687, 0.096196, 0.40687, 0.0845439, 0.406872, 0.0737519, 0.406874, 0.0637809, 0.40685, 0.0545948, 0.406861, 0.0461597, 0.406906, 0.0384443, 0.40686, 0.0314199, 0.406809, 0.0250597, 0.406893, 0.0193395, 0.406951, 0.014237, 0.406717, 0.00973229, 0.406942, 0.00580723, 0.406902, 0.00244586, 0.406765, -0.000365865, 0.406913, -0.00264005, 0.397977, -0.00438693, 0.340347, -0.00561486, 0.28546, -0.00633037, 0.233661, -0.00653815, 0.184192, -0.00624112, 0.136576, -0.00544037, 0.0902508, -0.00413521, 0.0449354, -0.00232319
4.42942, 0.956747, -0.072841, 0.706879, 0.44355, 0.406879, 0.44355, -0.976261, -0.0432532, -0.072841, 5.40569, 1, 0, 0.3, 0, 0.406879, 0.44355, 0.406879, 0.410187, 0.406881, 0.378777, 0.406878, 0.349217, 0.40688, 0.321412, 0.406879, 0.295273, 0.406878, 0.270713, 0.406879, 0.247652, 0.406879, 0.226012, 0.406877, 0.205722, 0.406876, 0.186712, 0.406876, 0.16892, 0.406878, 0.152282, 0.406878, 0.136744, 0.406875, 0.12225, 0.406873, 0.10875, 0.406874, 0.096196, 0.406875, 0.0845439, 0.406877, 0.0737519, 0.40688, 0.0637809, 0.406863, 0.0545948, 0.40685, 0.0461597, 0.406898, 0.0384443, 0.406904, 0.0314199, 0.406806, 0.0250597, 0.40687, 0.0193395, 0.406925, 0.014237, 0.406833, 0.00973229, 0.406842, 0.00580723, 0.406952, 0.00244586, 0.406712, -0.000365865, 0.407043, -0.00264005, 0.406752, -0.00438693, 0.357033, -0.00561486, 0.299831, -0.00633037, 0.245382, -0.00653815, 0.193424, -0.00624112, 0.143423, -0.00544037, 0.0947733, -0.00413521, 0.0471928, -0.00232319
4.42942, 0.956745, -0.0728329, 0.706878, 0.443528, 0.406878, 0.443528, -0.991269, -0.0432553, -0.0728329, 5.42069, 1, 0, 0.3, 0, 0.406878, 0.443528, 0.406877, 0.410166, 0.406879, 0.378756, 0.406876, 0.349198, 0.406879, 0.321394, 0.406878, 0.295256, 0.406876, 0.270697, 0.406878, 0.247636, 0.406878, 0.225997, 0.406876, 0.205708, 0.406875, 0.186699, 0.406875, 0.168907, 0.406876, 0.152271, 0.406877, 0.136733, 0.406875, 0.12224, 0.406871, 0.10874, 0.406872, 0.0961868, 0.406874, 0.0845353, 0.406873, 0.0737438, 0.406878, 0.0637733, 0.406871, 0.0545877, 0.406848, 0.046153, 0.406885, 0.0384382, 0.406903, 0.0314141, 0.406815, 0.0250544, 0.406864, 0.0193346, 0.406921, 0.0142325, 0.406878, 0.00972812, 0.406695, 0.00580343, 0.407131, 0.00244241, 0.406643, -0.000368964, 0.406967, -0.00264282, 0.406822, -0.00438937, 0.374559, -0.00561698, 0.314704, -0.00633217, 0.257457, -0.00653964, 0.202943, -0.00624231, 0.150486, -0.00544126, 0.0994374, -0.0041358, 0.049515, -0.00232348
4.42942, 0.956745, -0.0728329, 0.706878, 0.443528, 0.406878, 0.443528, -1.00627, -0.0432553, -0.0728329, 5.43569, 1, 0, 0.3, 0, 0.406878, 0.443528, 0.406877, 0.410166, 0.406879, 0.378756, 0.406876, 0.349198, 0.406878, 0.321394, 0.406877, 0.295256, 0.406876, 0.270697, 0.406877, 0.247636, 0.406877, 0.225997, 0.406876, 0.205708, 0.406875, 0.186699, 0.406874, 0.168907, 0.406875, 0.152271, 0.406876, 0.136733, 0.406875, 0.12224, 0.406871, 0.10874, 0.406871, 0.0961868, 0.406873, 0.0845353, 0.406871, 0.0737438, 0.406876, 0.0637733, 0.406877, 0.0545877, 0.406845, 0.046153, 0.40687, 0.0384382, 0.406912, 0.0314141, 0.406847, 0.0250544, 0.406818, 0.0193346, 0.406902, 0.0142325, 0.406955, 0.00972812, 0.406682, 0.00580343, 0.407001, 0.00244241, 0.406855, -0.000368964, 0.406789, -0.00264282, 0.406906, -0.00438937, 0.392088, -0.00561698, 0.329514, -0.00633217, 0.269514, -0.00653964, 0.212455, -0.00624231, 0.157543, -0.00544126, 0.104098, -0.0041358, 0.0518365, -0.00232348
4.42942, 0.956745, -0.0728329, 0.706882, 0.443528, 0.406882, 0.443528, -1.02127, -0.0432553, -0.0728329, 5.45069, 1, 0, 0.3, 0, 0.406882, 0.443528, 0.406881, 0.410166, 0.406883, 0.378756, 0.40688, 0.349198, 0.406883, 0.321394, 0.406882, 0.295256, 0.40688, 0.270697, 0.406881, 0.247636, 0.406881, 0.225997, 0.40688, 0.205708, 0.406879, 0.186699, 0.406879, 0.168907, 0.406879, 0.152271, 0.40688, 0.136733, 0.40688, 0.12224, 0.406876, 0.10874, 0.406875, 0.0961868, 0.406875, 0.0845353, 0.406875, 0.0737438, 0.40688, 0.0637733, 0.406884, 0.0545877, 0.406856, 0.046153, 0.406854, 0.0384382, 0.406911, 0.0314141, 0.406891, 0.0250544, 0.406802, 0.0193346, 0.406876, 0.0142325, 0.406969, 0.00972812, 0.406747, 0.00580343, 0.406874, 0.00244241, 0.407007, -0.000368964, 0.406696, -0.00264282, 0.406944, -0.00438937, 0.406851, -0.00561698, 0.344184, -0.00633217, 0.281702, -0.00653964, 0.222075, -0.00624231, 0.164672, -0.00544126, 0.108805, -0.0041358, 0.0541836, -0.00232348
4.42942, 0.956745, -0.0728329, 0.706883, 0.443528, 0.406883, 0.443528, -1.03627, -0.0432553, -0.0728329, 5.46569, 1, 0, 0.3, 0, 0.406883, 0.443528, 0.406882, 0.410166, 0.406884, 0.378756, 0.406881, 0.349198, 0.406883, 0.321394, 0.406882, 0.295256, 0.406881, 0.270697, 0.406882, 0.247636, 0.406882, 0.225997, 0.406881, 0.205708, 0.40688, 0.186699, 0.406879, 0.168907, 0.406879, 0.152271, 0.40688, 0.136733, 0.406881, 0.12224, 0.406878, 0.10874, 0.406875, 0.0961868, 0.406875, 0.0845353, 0.406876, 0.0737438, 0.406878, 0.0637733, 0.406884, 0.0545877, 0.406867, 0.046153, 0.406849, 0.0384382, 0.406891, 0.0314141, 0.406907, 0.0250544, 0.406809, 0.0193346, 0.406886, 0.0142325, 0.406912, 0.00972812, 0.406831, 0.00580343, 0.406791, 0.00244241, 0.407101, -0.000368964, 0.406545, -0.00264282, 0.40713, -0.00438937, 0.406725, -0.00561698, 0.359619, -0.00633217, 0.294654, -0.00653964, 0.232182, -0.00624231, 0.172162, -0.00544126, 0.113755, -0.0041358, 0.0566538, -0.00232348
4.42942, 0.956745, -0.0728329, 0.706882, 0.443528, 0.406882, 0.443528, -1.05127, -0.0432553, -0.0728329, 5.48069, 1, 0, 0.3, 0, 0.406882, 0.443528, 0.406881, 0.410166, 0.406883, 0.378756, 0.40688, 0.349198, 0.406882, 0.321394, 0.406881, 0.295256, 0.40688, 0.270697, 0.406881, 0.247636, 0.406881, 0.225997, 0.40688, 0.205708, 0.40688, 0.186699, 0.406878, 0.168907, 0.406877, 0.152271, 0.406879, 0.136733, 0.40688, 0.12224, 0.406877, 0.10874, 0.406874, 0.0961868, 0.406874, 0.0845353, 0.406876, 0.0737438, 0.406874, 0.0637733, 0.406881, 0.0545877, 0.406874, 0.046153, 0.406846, 0.0384382, 0.406884, 0.0314141, 0.406912, 0.0250544, 0.406821, 0.0193346, 0.406843, 0.0142325, 0.406932, 0.00972812, 0.406911, 0.00580343, 0.406649, 0.00244241, 0.407141, -0.000368964, 0.406686, -0.00264282, 0.406907, -0.00438937, 0.406857, -0.00561698, 0.375257, -0.00633217, 0.307565, -0.00653964, 0.242281, -0.00624231, 0.179654, -0.00544126, 0.118705, -0.0041358, 0.0591191, -0.00232348
4.42942, 0.956745, -0.0728329, 0.706881, 0.443528, 0.406881, 0.443528, -1.06627, -0.0432553, -0.0728329, 5.49569, 1, 0, 0.3, 0, 0.406881, 0.443528, 0.40688, 0.410166, 0.406883, 0.378756, 0.406879, 0.349198, 0.406882, 0.321394, 0.406881, 0.295256, 0.406879, 0.270697, 0.40688, 0.247636, 0.40688, 0.225997, 0.40688, 0.205708, 0.406879, 0.186699, 0.406878, 0.168907, 0.406877, 0.152271, 0.406878, 0.136733, 0.406879, 0.12224, 0.406878, 0.10874, 0.406874, 0.0961868, 0.406873, 0.0845353, 0.406875, 0.0737438, 0.406873, 0.0637733, 0.406881, 0.0545877, 0.40688, 0.046153, 0.406844, 0.0384382, 0.406869, 0.0314141, 0.406919, 0.0250544, 0.406854, 0.0193346, 0.406804, 0.0142325, 0.406905, 0.00972812, 0.406975, 0.00580343, 0.406664, 0.00244241, 0.406999, -0.000368964, 0.406878, -0.00264282, 0.406765, -0.00438937, 0.406918, -0.00561698, 0.390874, -0.00633217, 0.320443, -0.00653964, 0.252374, -0.00624231, 0.187146, -0.00544126, 0.123656, -0.0041358, 0.0615855, -0.00232348
4.42942, 0.956745, -0.0728329, 0.706881, 0.443528, 0.406881, 0.443528, -1.08127, -0.0432553, -0.0728329, 5.51069, 1, 0, 0.3, 0, 0.406881, 0.443528, 0.40688, 0.410166, 0.406882, 0.378756, 0.406879, 0.349198, 0.406882, 0.321394, 0.406881, 0.295256, 0.406879, 0.270697, 0.40688, 0.247636, 0.40688, 0.225997, 0.406879, 0.205708, 0.406879, 0.186699, 0.406878, 0.168907, 0.406877, 0.152271, 0.406877, 0.136733, 0.406879, 0.12224, 0.406878, 0.10874, 0.406875, 0.0961868, 0.406872, 0.0845353, 0.406874, 0.0737438, 0.406872, 0.0637733, 0.406879, 0.0545877, 0.406885, 0.046153, 0.40685, 0.0384382, 0.406851, 0.0314141, 0.406914, 0.0250544, 0.40689, 0.0193346, 0.40679, 0.0142325, 0.406874, 0.00972812, 0.406987, 0.00580343, 0.406736, 0.00244241, 0.406865, -0.000368964, 0.406998, -0.00264282, 0.406698, -0.00438937, 0.406941, -0.00561698, 0.406489, -0.00633217, 0.333311, -0.00653964, 0.262468, -0.00624231, 0.19464, -0.00544126, 0.128608, -0.0041358, 0.0640522, -0.00232348
4.42942, 0.956745, -0.0728329, 0.706887, 0.443528, 0.406887, 0.443528, -1.09627, -0.0432553, -0.0728329, 5.52569, 1, 0, 0.3, 0, 0.406887, 0.443528, 0.406886, 0.410166, 0.406888, 0.378756, 0.406885, 0.349198, 0.406887, 0.321394, 0.406886, 0.295256, 0.406884, 0.270697, 0.406886, 0.247636, 0.406885, 0.225997, 0.406885, 0.205708, 0.406885, 0.186699, 0.406884, 0.168907, 0.406882, 0.152271, 0.406882, 0.136733, 0.406883, 0.12224, 0.406884, 0.10874, 0.406881, 0.0961868, 0.406877, 0.0845353, 0.406877, 0.0737438, 0.406878, 0.0637733, 0.406883, 0.0545877, 0.406888, 0.046153, 0.406864, 0.0384382, 0.406846, 0.0314141, 0.406902, 0.0250544, 0.406917, 0.0193346, 0.406806, 0.0142325, 0.40687, 0.00972812, 0.406917, 0.00580343, 0.406849, 0.00244241, 0.406819, -0.000368964, 0.407026, -0.00264282, 0.406592, -0.00438937, 0.407155, -0.00561698, 0.406695, -0.00633217, 0.34629, -0.00653964, 0.273225, -0.00624231, 0.202554, -0.00544126, 0.133822, -0.0041358, 0.0666583, -0.00232348
4.42942, 0.956745, -0.0728329, 0.706886, 0.443528, 0.406886, 0.443528, -1.11127, -0.0432553, -0.0728329, 5.54069, 1, 0, 0.3, 0, 0.406886, 0.443528, 0.406885, 0.410166, 0.406887, 0.378756, 0.406884, 0.349198, 0.406887, 0.321394, 0.406886, 0.295256, 0.406884, 0.270697, 0.406885, 0.247636, 0.406885, 0.225997, 0.406884, 0.205708, 0.406884, 0.186699, 0.406883, 0.168907, 0.406881, 0.152271, 0.40688, 0.136733, 0.406882, 0.12224, 0.406883, 0.10874, 0.406881, 0.0961868, 0.406876, 0.0845353, 0.406876, 0.0737438, 0.406877, 0.0637733, 0.406878, 0.0545877, 0.406886, 0.046153, 0.406874, 0.0384382, 0.406846, 0.0314141, 0.406887, 0.0250544, 0.406914, 0.0193346, 0.406814, 0.0142325, 0.406861, 0.00972812, 0.406938, 0.00580343, 0.406866, 0.00244241, 0.406682, -0.000368964, 0.407197, -0.00264282, 0.406552, -0.00438937, 0.407044, -0.00561698, 0.406786, -0.00633217, 0.359778, -0.00653964, 0.283995, -0.00624231, 0.210461, -0.00544126, 0.139041, -0.0041358, 0.0692607, -0.00232348
4.42942, 0.956745, -0.0728329, 0.706885, 0.443528, 0.406885, 0.443528, -1.12627, -0.0432553, -0.0728329, 5.55569, 1, 0, 0.3, 0, 0.406885, 0.443528, 0.406884, 0.410166, 0.406887, 0.378756, 0.406883, 0.349198, 0.406886, 0.321394, 0.406885, 0.295256, 0.406883, 0.270697, 0.406884, 0.247636, 0.406884, 0.225997, 0.406883, 0.205708, 0.406883, 0.186699, 0.406883, 0.168907, 0.406881, 0.152271, 0.406879, 0.136733, 0.406881, 0.12224, 0.406882, 0.10874, 0.40688, 0.0961868, 0.406876, 0.0845353, 0.406876, 0.0737438, 0.406877, 0.0637733, 0.406875, 0.0545877, 0.406884, 0.046153, 0.406879, 0.0384382, 0.406843, 0.0314141, 0.40688, 0.0250544, 0.406924, 0.0193346, 0.406833, 0.0142325, 0.406812, 0.00972812, 0.406943, 0.00580343, 0.406943, 0.00244241, 0.406618, -0.000368964, 0.407122, -0.00264282, 0.406755, -0.00438937, 0.406835, -0.00561698, 0.406893, -0.00633217, 0.373272, -0.00653964, 0.294727, -0.00624231, 0.218359, -0.00544126, 0.144259, -0.0041358, 0.0718624, -0.00232348
4.42942, 0.956745, -0.0728329, 0.706885, 0.443528, 0.406885, 0.443528, -1.14127, -0.0432553, -0.0728329, 5.57069, 1, 0, 0.3, 0, 0.406885, 0.443528, 0.406884, 0.410166, 0.406886, 0.378756, 0.406882, 0.349198, 0.406885, 0.321394, 0.406884, 0.295256, 0.406882, 0.270697, 0.406884, 0.247636, 0.406883, 0.225997, 0.406882, 0.205708, 0.406883, 0.186699, 0.406883, 0.168907, 0.406881, 0.152271, 0.406879, 0.136733, 0.40688, 0.12224, 0.406882, 0.10874, 0.406881, 0.0961868, 0.406877, 0.0845353, 0.406875, 0.0737438, 0.406876, 0.0637733, 0.406875, 0.0545877, 0.406883, 0.046153, 0.406884, 0.0384382, 0.406844, 0.0314141, 0.406862, 0.0250544, 0.406929, 0.0193346, 0.40687, 0.0142325, 0.406777, 0.00972812, 0.406915, 0.00580343, 0.406994, 0.00244241, 0.406648, -0.000368964, 0.406987, -0.00264282, 0.406915, -0.00438937, 0.406727, -0.00561698, 0.406937, -0.00633217, 0.386751, -0.00653964, 0.30544, -0.00624231, 0.226254, -0.00544126, 0.149478, -0.0041358, 0.0744653, -0.00232348
4.42942, 0.956745, -0.0728329, 0.706885, 0.443528, 0.406885, 0.443528, -1.15627, -0.0432553, -0.0728329, 5.58569, 1, 0, 0.3, 0, 0.406885, 0.443528, 0.406883, 0.410166, 0.406886, 0.378756, 0.406882, 0.349198, 0.406885, 0.321394, 0.406884, 0.295256, 0.406882, 0.270697, 0.406883, 0.247636, 0.406883, 0.225997, 0.406882, 0.205708, 0.406882, 0.186699, 0.406882, 0.168907, 0.406881, 0.152271, 0.406879, 0.136733, 0.406879, 0.12224, 0.406881, 0.10874, 0.406881, 0.0961868, 0.406878, 0.0845353, 0.406874, 0.0737438, 0.406875, 0.0637733, 0.406875, 0.0545877, 0.406882, 0.046153, 0.406886, 0.0384382, 0.406851, 0.0314141, 0.406848, 0.0250544, 0.406919, 0.0193346, 0.406902, 0.0142325, 0.406771, 0.00972812, 0.406885, 0.00580343, 0.406993, 0.00244241, 0.406737, -0.000368964, 0.40684, -0.00264282, 0.407049, -0.00438937, 0.406647, -0.00561698, 0.406967, -0.00633217, 0.400233, -0.00653964, 0.316149, -0.00624231, 0.234151, -0.00544126, 0.154699, -0.0041358, 0.0770684, -0.00232348
4.42942, 0.956745, -0.0728329, 0.706889, 0.443528, 0.406889, 0.443528, -1.17127, -0.0432553, -0.0728329, 5.60069, 1, 0, 0.3, 0, 0.406889, 0.443528, 0.406888, 0.410166, 0.406891, 0.378756, 0.406887, 0.349198, 0.40689, 0.321394, 0.406889, 0.295256, 0.406887, 0.270697, 0.406888, 0.247636, 0.406888, 0.225997, 0.406887, 0.205708, 0.406887, 0.186699, 0.406887, 0.168907, 0.406886, 0.152271, 0.406883, 0.136733, 0.406883, 0.12224, 0.406885, 0.10874, 0.406886, 0.0961868, 0.406883, 0.0845353, 0.406877, 0.0737438, 0.406878, 0.0637733, 0.40688, 0.0545877, 0.406885, 0.046153, 0.40689, 0.0384382, 0.406865, 0.0314141, 0.406846, 0.0250544, 0.406908, 0.0193346, 0.406923, 0.0142325, 0.406774, 0.00972812, 0.40688, 0.00580343, 0.406965, 0.00244241, 0.406857, -0.000368964, 0.406694, -0.00264282, 0.407097, -0.00438937, 0.406725, -0.00561698, 0.406923, -0.00633217, 0.406844, -0.00653964, 0.32665, -0.00624231, 0.242285, -0.00544126, 0.160061, -0.0041358, 0.0797368, -0.00232348
4.42942, 0.956745, -0.0728329, 0.70689, 0.443528, 0.40689, 0.443528, -1.18627, -0.0432553, -0.0728329, 5.61569, 1, 0, 0.3, 0, 0.40689, 0.443528, 0.406888, 0.410166, 0.406891, 0.378756, 0.406887, 0.349198, 0.40689, 0.321394, 0.406889, 0.295256, 0.406887, 0.270697, 0.406888, 0.247636, 0.406888, 0.225997, 0.406887, 0.205708, 0.406887, 0.186699, 0.406887, 0.168907, 0.406886, 0.152271, 0.406884, 0.136733, 0.406883, 0.12224, 0.406885, 0.10874, 0.406886, 0.0961868, 0.406884, 0.0845353, 0.406877, 0.0737438, 0.406878, 0.0637733, 0.406879, 0.0545877, 0.406882, 0.046153, 0.40689, 0.0384382, 0.406873, 0.0314141, 0.406839, 0.0250544, 0.406892, 0.0193346, 0.406927, 0.0142325, 0.406818, 0.00972812, 0.406854, 0.00580343, 0.406923, 0.00244241, 0.406856, -0.000368964, 0.406775, -0.00264282, 0.407107, -0.00438937, 0.40652, -0.00561698, 0.40718, -0.00633217, 0.406692, -0.00653964, 0.337639, -0.00624231, 0.250675, -0.00544126, 0.165535, -0.0041358, 0.0824643, -0.00232348
4.42942, 0.956745, -0.0728329, 0.706889, 0.443528, 0.406889, 0.443528, -1.20127, -0.0432553, -0.0728329, 5.63069, 1, 0, 0.3, 0, 0.406889, 0.443528, 0.406888, 0.410166, 0.40689, 0.378756, 0.406886, 0.349198, 0.40689, 0.321394, 0.406888, 0.295256, 0.406886, 0.270697, 0.406888, 0.247636, 0.406887, 0.225997, 0.406886, 0.205708, 0.406886, 0.186699, 0.406886, 0.168907, 0.406885, 0.152271, 0.406883, 0.136733, 0.406882, 0.12224, 0.406883, 0.10874, 0.406885, 0.0961868, 0.406884, 0.0845353, 0.406877, 0.0737438, 0.406877, 0.0637733, 0.406878, 0.0545877, 0.406878, 0.046153, 0.406888, 0.0384382, 0.406882, 0.0314141, 0.406841, 0.0250544, 0.406881, 0.0193346, 0.406923, 0.0142325, 0.406827, 0.00972812, 0.406832, 0.00580343, 0.406961, 0.00244241, 0.406869, -0.000368964, 0.406662, -0.00264282, 0.407215, -0.00438937, 0.406552, -0.00561698, 0.40703, -0.00633217, 0.406796, -0.00653964, 0.348774, -0.00624231, 0.259048, -0.00544126, 0.171002, -0.0041358, 0.085186, -0.00232348
4.42942, 0.956745, -0.0728329, 0.706888, 0.443528, 0.406888, 0.443528, -1.21627, -0.0432553, -0.0728329, 5.64569, 1, 0, 0.3, 0, 0.406888, 0.443528, 0.406887, 0.410166, 0.40689, 0.378756, 0.406886, 0.349198, 0.406889, 0.321394, 0.406888, 0.295256, 0.406886, 0.270697, 0.406887, 0.247636, 0.406887, 0.225997, 0.406885, 0.205708, 0.406885, 0.186699, 0.406886, 0.168907, 0.406885, 0.152271, 0.406883, 0.136733, 0.406881, 0.12224, 0.406882, 0.10874, 0.406884, 0.0961868, 0.406883, 0.0845353, 0.406878, 0.0737438, 0.406876, 0.0637733, 0.406878, 0.0545877, 0.406877, 0.046153, 0.406885, 0.0384382, 0.406884, 0.0314141, 0.406843, 0.0250544, 0.406873, 0.0193346, 0.406931, 0.0142325, 0.406844, 0.00972812, 0.406785, 0.00580343, 0.406974, 0.00244241, 0.406932, -0.000368964, 0.406603, -0.00264282, 0.407153, -0.00438937, 0.406734, -0.00561698, 0.406838, -0.00633217, 0.406895, -0.00653964, 0.359908, -0.00624231, 0.267393, -0.00544126, 0.176461, -0.0041358, 0.0879062, -0.00232348
4.42942, 0.956745, -0.0728329, 0.706888, 0.443528, 0.406888, 0.443528, -1.23127, -0.0432553, -0.0728329, 5.66069, 1, 0, 0.3, 0, 0.406888, 0.443528, 0.406887, 0.410166, 0.40689, 0.378756, 0.406885, 0.349198, 0.406889, 0.321394, 0.406888, 0.295256, 0.406885, 0.270697, 0.406887, 0.247636, 0.406886, 0.225997, 0.406885, 0.205708, 0.406885, 0.186699, 0.406886, 0.168907, 0.406885, 0.152271, 0.406883, 0.136733, 0.406881, 0.12224, 0.406881, 0.10874, 0.406883, 0.0961868, 0.406884, 0.0845353, 0.406879, 0.0737438, 0.406875, 0.0637733, 0.406876, 0.0545877, 0.406878, 0.046153, 0.406885, 0.0384382, 0.406884, 0.0314141, 0.406847, 0.0250544, 0.406858, 0.0193346, 0.406935, 0.0142325, 0.406876, 0.00972812, 0.406749, 0.00580343, 0.406955, 0.00244241, 0.406979, -0.000368964, 0.406625, -0.00264282, 0.407021, -0.00438937, 0.406911, -0.00561698, 0.406703, -0.00633217, 0.406955, -0.00653964, 0.371034, -0.00624231, 0.275724, -0.00544126, 0.181918, -0.0041358, 0.0906279, -0.00232348
